Label:, CH2: Power Spectrum
DateTime:, Wed Jan  1 00:05:34 2003
DataKind:, CH2, PowerSpec, Mag
DataPoints:, 802
DataCalc:
Frequency:, 0.000 , 500.000, Hz
Sample:, 2048, Internal
Average:, 0, Power/Sum
Voltage(CH2):, 10.000, dBVrms
EU/V(CH2):, 1.000E+00
Window(CH2):, Hann
X-AxisScale:, Lin
X-AxisUnit:, Hz
Y-AxisScale:, Log
Y-AxisUnit:, V
Y-AxisMagniude:, rms
0.00000000E+00, -6.46207610E+01
6.25000000E-01, -6.29517980E+01
1.25000000E+00, -5.66598468E+01
1.87500000E+00, -5.01287702E+01
2.50000000E+00, -4.16793983E+01
3.12500000E+00, -2.84941000E+01
3.75000000E+00, -2.91870548E+00
4.37500000E+00, 1.21415055E+00
5.00000000E+00, -6.83635505E+00
5.62500000E+00, -3.33223726E+01
6.25000000E+00, -4.45085023E+01
6.87500000E+00, -5.20635162E+01
7.50000000E+00, -5.63709562E+01
8.12500000E+00, -5.83461541E+01
8.75000000E+00, -5.34414790E+01
9.37500000E+00, -6.06994834E+01
1.00000000E+01, -7.20021354E+01
1.06250000E+01, -7.67795862E+01
1.12500000E+01, -7.30388804E+01
1.18750000E+01, -6.53981338E+01
1.25000000E+01, -4.86002568E+01
1.31250000E+01, -4.73772245E+01
1.37500000E+01, -6.04857670E+01
1.43750000E+01, -7.36047834E+01
1.50000000E+01, -8.64166096E+01
1.56250000E+01, -7.49666115E+01
1.62500000E+01, -7.26235691E+01
1.68750000E+01, -6.13565387E+01
1.75000000E+01, -6.26135091E+01
1.81250000E+01, -8.35475890E+01
1.87500000E+01, -8.09334660E+01
1.93750000E+01, -8.72071833E+01
2.00000000E+01, -8.53198952E+01
2.06250000E+01, -8.17798339E+01
2.12500000E+01, -7.01898533E+01
2.18750000E+01, -7.13488811E+01
2.25000000E+01, -9.51541602E+01
2.31250000E+01, -8.42407724E+01
2.37500000E+01, -8.79064505E+01
2.43750000E+01, -8.22976694E+01
2.50000000E+01, -7.09323780E+01
2.56250000E+01, -6.33475239E+01
2.62500000E+01, -6.77800519E+01
2.68750000E+01, -8.60122238E+01
2.75000000E+01, -8.53182382E+01
2.81250000E+01, -8.23109693E+01
2.87500000E+01, -8.14347560E+01
2.93750000E+01, -6.71905357E+01
3.00000000E+01, -6.19454936E+01
3.06250000E+01, -6.81727099E+01
3.12500000E+01, -9.30201822E+01
3.18750000E+01, -8.45690292E+01
3.25000000E+01, -7.85372119E+01
3.31250000E+01, -8.16011787E+01
3.37500000E+01, -7.84855004E+01
3.43750000E+01, -7.61296718E+01
3.50000000E+01, -8.26970561E+01
3.56250000E+01, -8.58134606E+01
3.62500000E+01, -8.41960516E+01
3.68750000E+01, -8.38571450E+01
3.75000000E+01, -8.74938955E+01
3.81250000E+01, -7.04409630E+01
3.87500000E+01, -6.86707953E+01
3.93750000E+01, -7.76196604E+01
4.00000000E+01, -9.24869550E+01
4.06250000E+01, -9.30369421E+01
4.12500000E+01, -8.43126962E+01
4.18750000E+01, -8.21433066E+01
4.25000000E+01, -6.90589058E+01
4.31250000E+01, -6.95311900E+01
4.37500000E+01, -7.88416862E+01
4.43750000E+01, -8.76415727E+01
4.50000000E+01, -1.01127408E+02
4.56250000E+01, -9.06872528E+01
4.62500000E+01, -7.84510542E+01
4.68750000E+01, -7.05528500E+01
4.75000000E+01, -7.38811015E+01
4.81250000E+01, -8.69176070E+01
4.87500000E+01, -9.33396005E+01
4.93750000E+01, -8.51892785E+01
5.00000000E+01, -8.60029147E+01
5.06250000E+01, -8.34524103E+01
5.12500000E+01, -7.68123280E+01
5.18750000E+01, -8.47464467E+01
5.25000000E+01, -8.49435322E+01
5.31250000E+01, -8.49446801E+01
5.37500000E+01, -8.37930039E+01
5.43750000E+01, -8.80744005E+01
5.50000000E+01, -8.01492031E+01
5.56250000E+01, -7.58852734E+01
5.62500000E+01, -8.08057211E+01
5.68750000E+01, -8.35114979E+01
5.75000000E+01, -8.86912676E+01
5.81250000E+01, -8.43805498E+01
5.87500000E+01, -7.98285211E+01
5.93750000E+01, -7.60995976E+01
6.00000000E+01, -7.32081303E+01
6.06250000E+01, -8.44541713E+01
6.12500000E+01, -8.05692956E+01
6.18750000E+01, -8.52150646E+01
6.25000000E+01, -8.72776332E+01
6.31250000E+01, -8.16094788E+01
6.37500000E+01, -7.76666387E+01
6.43750000E+01, -7.77165729E+01
6.50000000E+01, -9.29686472E+01
6.56250000E+01, -8.72568554E+01
6.62500000E+01, -8.09432092E+01
6.68750000E+01, -7.64187439E+01
6.75000000E+01, -7.89278478E+01
6.81250000E+01, -7.98079137E+01
6.87500000E+01, -8.18586751E+01
6.93750000E+01, -9.01088464E+01
7.00000000E+01, -8.64913238E+01
7.06250000E+01, -8.04634691E+01
7.12500000E+01, -7.95313804E+01
7.18750000E+01, -8.53653092E+01
7.25000000E+01, -8.87164019E+01
7.31250000E+01, -8.21665345E+01
7.37500000E+01, -8.80935954E+01
7.43750000E+01, -8.85611492E+01
7.50000000E+01, -8.92118017E+01
7.56250000E+01, -8.19771180E+01
7.62500000E+01, -8.56082264E+01
7.68750000E+01, -7.39408696E+01
7.75000000E+01, -7.47204107E+01
7.81250000E+01, -9.89030684E+01
7.87500000E+01, -8.34956738E+01
7.93750000E+01, -9.00615529E+01
8.00000000E+01, -9.23204683E+01
8.06250000E+01, -9.25046981E+01
8.12500000E+01, -8.21416534E+01
8.18750000E+01, -8.25322791E+01
8.25000000E+01, -9.75354627E+01
8.31250000E+01, -9.37411662E+01
8.37500000E+01, -9.50782476E+01
8.43750000E+01, -9.52784540E+01
8.50000000E+01, -8.07508441E+01
8.56250000E+01, -7.33330698E+01
8.62500000E+01, -7.61718240E+01
8.68750000E+01, -8.51316887E+01
8.75000000E+01, -9.25855525E+01
8.81250000E+01, -8.82700855E+01
8.87500000E+01, -9.19967298E+01
8.93750000E+01, -9.25527707E+01
9.00000000E+01, -8.91971925E+01
9.06250000E+01, -9.02605510E+01
9.12500000E+01, -9.17560981E+01
9.18750000E+01, -9.47995100E+01
9.25000000E+01, -1.01909160E+02
9.31250000E+01, -8.89156289E+01
9.37500000E+01, -8.31142793E+01
9.43750000E+01, -8.09983409E+01
9.50000000E+01, -8.24521596E+01
9.56250000E+01, -8.44247251E+01
9.62500000E+01, -9.23177748E+01
9.68750000E+01, -9.89218812E+01
9.75000000E+01, -8.67987440E+01
9.81250000E+01, -7.86157040E+01
9.87500000E+01, -7.74470234E+01
9.93750000E+01, -8.18311788E+01
1.00000000E+02, -9.11255920E+01
1.00625000E+02, -8.52505602E+01
1.01250000E+02, -8.11704749E+01
1.01875000E+02, -8.40374948E+01
1.02500000E+02, -8.80073998E+01
1.03125000E+02, -8.41057394E+01
1.03750000E+02, -8.12189476E+01
1.04375000E+02, -8.63822119E+01
1.05000000E+02, -8.53900033E+01
1.05625000E+02, -8.27347739E+01
1.06250000E+02, -9.19720893E+01
1.06875000E+02, -7.83071566E+01
1.07500000E+02, -8.18330868E+01
1.08125000E+02, -8.63130557E+01
1.08750000E+02, -9.31105947E+01
1.09375000E+02, -8.67537277E+01
1.10000000E+02, -8.29026511E+01
1.10625000E+02, -8.88811446E+01
1.11250000E+02, -8.83247217E+01
1.11875000E+02, -8.82538019E+01
1.12500000E+02, -9.02265744E+01
1.13125000E+02, -9.73750773E+01
1.13750000E+02, -9.28205202E+01
1.14375000E+02, -8.77872559E+01
1.15000000E+02, -8.37073907E+01
1.15625000E+02, -8.20558879E+01
1.16250000E+02, -8.46432399E+01
1.16875000E+02, -8.63924576E+01
1.17500000E+02, -8.69287238E+01
1.18125000E+02, -9.05062415E+01
1.18750000E+02, -8.83058220E+01
1.19375000E+02, -8.84020209E+01
1.20000000E+02, -8.40505572E+01
1.20625000E+02, -9.15234559E+01
1.21250000E+02, -8.55641110E+01
1.21875000E+02, -8.89474345E+01
1.22500000E+02, -9.06181453E+01
1.23125000E+02, -8.48648941E+01
1.23750000E+02, -8.36008774E+01
1.24375000E+02, -8.90581872E+01
1.25000000E+02, -9.46128738E+01
1.25625000E+02, -9.22630305E+01
1.26250000E+02, -9.87793699E+01
1.26875000E+02, -9.19640730E+01
1.27500000E+02, -8.44701531E+01
1.28125000E+02, -7.99219304E+01
1.28750000E+02, -8.18244986E+01
1.29375000E+02, -8.81174022E+01
1.30000000E+02, -8.99126429E+01
1.30625000E+02, -9.78744198E+01
1.31250000E+02, -9.26834767E+01
1.31875000E+02, -9.43931870E+01
1.32500000E+02, -8.40950835E+01
1.33125000E+02, -8.76126269E+01
1.33750000E+02, -9.68067989E+01
1.34375000E+02, -9.24519459E+01
1.35000000E+02, -1.00529693E+02
1.35625000E+02, -9.14763205E+01
1.36250000E+02, -9.07564928E+01
1.36875000E+02, -7.98246646E+01
1.37500000E+02, -8.49125005E+01
1.38125000E+02, -8.71409554E+01
1.38750000E+02, -8.86706752E+01
1.39375000E+02, -9.61818858E+01
1.40000000E+02, -9.21212427E+01
1.40625000E+02, -9.11278816E+01
1.41250000E+02, -8.37545018E+01
1.41875000E+02, -8.41421464E+01
1.42500000E+02, -8.95562297E+01
1.43125000E+02, -9.73164864E+01
1.43750000E+02, -9.70437836E+01
1.44375000E+02, -8.60070557E+01
1.45000000E+02, -8.45543117E+01
1.45625000E+02, -8.31911463E+01
1.46250000E+02, -8.70159798E+01
1.46875000E+02, -9.08821083E+01
1.47500000E+02, -9.84365949E+01
1.48125000E+02, -9.24713201E+01
1.48750000E+02, -9.06350664E+01
1.49375000E+02, -8.75727990E+01
1.50000000E+02, -8.39661681E+01
1.50625000E+02, -8.87352427E+01
1.51250000E+02, -9.22471768E+01
1.51875000E+02, -9.46984707E+01
1.52500000E+02, -8.98468578E+01
1.53125000E+02, -9.15542001E+01
1.53750000E+02, -9.57457491E+01
1.54375000E+02, -8.73067072E+01
1.55000000E+02, -8.70880122E+01
1.55625000E+02, -9.04824654E+01
1.56250000E+02, -9.46501723E+01
1.56875000E+02, -9.10452971E+01
1.57500000E+02, -9.50132488E+01
1.58125000E+02, -8.75542403E+01
1.58750000E+02, -8.83835276E+01
1.59375000E+02, -9.43399981E+01
1.60000000E+02, -8.90915976E+01
1.60625000E+02, -9.30399136E+01
1.61250000E+02, -9.03434424E+01
1.61875000E+02, -9.01289015E+01
1.62500000E+02, -8.76982724E+01
1.63125000E+02, -8.69502776E+01
1.63750000E+02, -9.74160212E+01
1.64375000E+02, -9.17956662E+01
1.65000000E+02, -9.53135209E+01
1.65625000E+02, -9.54951679E+01
1.66250000E+02, -9.40310921E+01
1.66875000E+02, -8.90730396E+01
1.67500000E+02, -8.97040174E+01
1.68125000E+02, -9.78177226E+01
1.68750000E+02, -9.66649124E+01
1.69375000E+02, -9.19738641E+01
1.70000000E+02, -9.10909230E+01
1.70625000E+02, -8.89471723E+01
1.71250000E+02, -8.20404694E+01
1.71875000E+02, -8.80406933E+01
1.72500000E+02, -1.10943315E+02
1.73125000E+02, -1.03956002E+02
1.73750000E+02, -9.78791985E+01
1.74375000E+02, -9.97002814E+01
1.75000000E+02, -9.26522132E+01
1.75625000E+02, -8.82235221E+01
1.76250000E+02, -9.40943116E+01
1.76875000E+02, -9.66546155E+01
1.77500000E+02, -9.99725807E+01
1.78125000E+02, -9.18915627E+01
1.78750000E+02, -9.09706047E+01
1.79375000E+02, -8.72165634E+01
1.80000000E+02, -8.43138289E+01
1.80625000E+02, -8.82277764E+01
1.81250000E+02, -9.35195540E+01
1.81875000E+02, -1.08116461E+02
1.82500000E+02, -1.03185604E+02
1.83125000E+02, -9.83235218E+01
1.83750000E+02, -9.69573913E+01
1.84375000E+02, -1.00034387E+02
1.85000000E+02, -1.00304023E+02
1.85625000E+02, -9.76120895E+01
1.86250000E+02, -9.85503507E+01
1.86875000E+02, -9.59711966E+01
1.87500000E+02, -1.10860310E+02
1.88125000E+02, -8.93471415E+01
1.88750000E+02, -9.09923591E+01
1.89375000E+02, -9.58595122E+01
1.90000000E+02, -9.63996478E+01
1.90625000E+02, -9.97228424E+01
1.91250000E+02, -9.73647442E+01
1.91875000E+02, -9.57288396E+01
1.92500000E+02, -9.49266429E+01
1.93125000E+02, -9.94227470E+01
1.93750000E+02, -1.06105868E+02
1.94375000E+02, -1.06914554E+02
1.95000000E+02, -1.00804038E+02
1.95625000E+02, -9.52527467E+01
1.96250000E+02, -8.97976525E+01
1.96875000E+02, -8.54826809E+01
1.97500000E+02, -8.76151988E+01
1.98125000E+02, -9.58155352E+01
1.98750000E+02, -1.12762774E+02
1.99375000E+02, -9.72776153E+01
2.00000000E+02, -9.37787016E+01
2.00625000E+02, -1.01383058E+02
2.01250000E+02, -1.13812934E+02
2.01875000E+02, -1.21794059E+02
2.02500000E+02, -1.03161838E+02
2.03125000E+02, -1.03395154E+02
2.03750000E+02, -1.01484317E+02
2.04375000E+02, -9.55680579E+01
2.05000000E+02, -9.58555393E+01
2.05625000E+02, -9.84974491E+01
2.06250000E+02, -9.84971229E+01
2.06875000E+02, -9.55635576E+01
2.07500000E+02, -1.02987813E+02
2.08125000E+02, -1.05700694E+02
2.08750000E+02, -1.00074706E+02
2.09375000E+02, -9.35272545E+01
2.10000000E+02, -9.32940943E+01
2.10625000E+02, -1.04954761E+02
2.11250000E+02, -9.88173698E+01
2.11875000E+02, -9.98219908E+01
2.12500000E+02, -9.97487669E+01
2.13125000E+02, -1.02599157E+02
2.13750000E+02, -1.09897358E+02
2.14375000E+02, -1.11793478E+02
2.15000000E+02, -1.04009575E+02
2.15625000E+02, -9.95990330E+01
2.16250000E+02, -1.09828377E+02
2.16875000E+02, -1.04585939E+02
2.17500000E+02, -1.00274544E+02
2.18125000E+02, -9.33599682E+01
2.18750000E+02, -9.80357203E+01
2.19375000E+02, -9.99363021E+01
2.20000000E+02, -1.01914888E+02
2.20625000E+02, -1.11140439E+02
2.21250000E+02, -1.01630276E+02
2.21875000E+02, -9.90566742E+01
2.22500000E+02, -9.27454281E+01
2.23125000E+02, -9.66193078E+01
2.23750000E+02, -9.94564501E+01
2.24375000E+02, -9.93926607E+01
2.25000000E+02, -1.03805793E+02
2.25625000E+02, -1.10806154E+02
2.26250000E+02, -1.00485576E+02
2.26875000E+02, -1.00522429E+02
2.27500000E+02, -1.05490222E+02
2.28125000E+02, -1.03220251E+02
2.28750000E+02, -1.06148244E+02
2.29375000E+02, -1.11777728E+02
2.30000000E+02, -1.09062795E+02
2.30625000E+02, -1.03762720E+02
2.31250000E+02, -1.03301449E+02
2.31875000E+02, -1.03936524E+02
2.32500000E+02, -1.03160493E+02
2.33125000E+02, -1.09366261E+02
2.33750000E+02, -1.09532686E+02
2.34375000E+02, -1.17908111E+02
2.35000000E+02, -1.14993428E+02
2.35625000E+02, -1.04879369E+02
2.36250000E+02, -1.02039653E+02
2.36875000E+02, -1.07643666E+02
2.37500000E+02, -1.06526553E+02
2.38125000E+02, -1.01615504E+02
2.38750000E+02, -1.05590916E+02
2.39375000E+02, -1.01161634E+02
2.40000000E+02, -1.00509420E+02
2.40625000E+02, -1.08607056E+02
2.41250000E+02, -1.06904795E+02
2.41875000E+02, -1.03928254E+02
2.42500000E+02, -1.04670931E+02
2.43125000E+02, -1.02489670E+02
2.43750000E+02, -9.81599714E+01
2.44375000E+02, -1.02631976E+02
2.45000000E+02, -1.11295834E+02
2.45625000E+02, -1.05299754E+02
2.46250000E+02, -1.09931728E+02
2.46875000E+02, -1.08996555E+02
2.47500000E+02, -1.06335340E+02
2.48125000E+02, -1.02068202E+02
2.48750000E+02, -1.01919745E+02
2.49375000E+02, -1.10799326E+02
2.50000000E+02, -1.19276198E+02
2.50625000E+02, -1.12427676E+02
2.51250000E+02, -1.10681281E+02
2.51875000E+02, -1.01792303E+02
2.52500000E+02, -9.75408421E+01
2.53125000E+02, -1.00176533E+02
2.53750000E+02, -1.06281778E+02
2.54375000E+02, -1.00454610E+02
2.55000000E+02, -1.03846297E+02
2.55625000E+02, -1.05218398E+02
2.56250000E+02, -9.83020865E+01
2.56875000E+02, -9.43336968E+01
2.57500000E+02, -1.02114685E+02
2.58125000E+02, -1.08922674E+02
2.58750000E+02, -1.04457506E+02
2.59375000E+02, -1.05343830E+02
2.60000000E+02, -1.00703155E+02
2.60625000E+02, -9.85958453E+01
2.61250000E+02, -1.02872985E+02
2.61875000E+02, -1.02225718E+02
2.62500000E+02, -1.00489406E+02
2.63125000E+02, -1.01426106E+02
2.63750000E+02, -1.03868561E+02
2.64375000E+02, -1.03597461E+02
2.65000000E+02, -9.87359020E+01
2.65625000E+02, -9.43495985E+01
2.66250000E+02, -9.88121340E+01
2.66875000E+02, -9.93928352E+01
2.67500000E+02, -1.09227960E+02
2.68125000E+02, -1.05768153E+02
2.68750000E+02, -9.92436936E+01
2.69375000E+02, -1.02729176E+02
2.70000000E+02, -1.01967222E+02
2.70625000E+02, -1.03686890E+02
2.71250000E+02, -1.10598440E+02
2.71875000E+02, -1.12560066E+02
2.72500000E+02, -1.11367297E+02
2.73125000E+02, -1.06394629E+02
2.73750000E+02, -1.05437024E+02
2.74375000E+02, -9.96961736E+01
2.75000000E+02, -9.86649122E+01
2.75625000E+02, -1.05137686E+02
2.76250000E+02, -1.12490252E+02
2.76875000E+02, -1.22908640E+02
2.77500000E+02, -1.05909752E+02
2.78125000E+02, -9.85511817E+01
2.78750000E+02, -9.74995640E+01
2.79375000E+02, -1.06275557E+02
2.80000000E+02, -1.01467843E+02
2.80625000E+02, -1.02172922E+02
2.81250000E+02, -1.02122498E+02
2.81875000E+02, -9.51377125E+01
2.82500000E+02, -9.41699200E+01
2.83125000E+02, -9.76664307E+01
2.83750000E+02, -1.02634105E+02
2.84375000E+02, -1.04463597E+02
2.85000000E+02, -9.99371295E+01
2.85625000E+02, -9.80998918E+01
2.86250000E+02, -1.00434565E+02
2.86875000E+02, -9.76834023E+01
2.87500000E+02, -9.35844273E+01
2.88125000E+02, -9.48903030E+01
2.88750000E+02, -1.03227357E+02
2.89375000E+02, -1.01141512E+02
2.90000000E+02, -9.64485142E+01
2.90625000E+02, -1.00114307E+02
2.91250000E+02, -1.17652543E+02
2.91875000E+02, -1.08978076E+02
2.92500000E+02, -1.07337178E+02
2.93125000E+02, -1.08506227E+02
2.93750000E+02, -1.05508917E+02
2.94375000E+02, -1.00234419E+02
2.95000000E+02, -9.47445421E+01
2.95625000E+02, -9.73182376E+01
2.96250000E+02, -1.01261597E+02
2.96875000E+02, -9.80517627E+01
2.97500000E+02, -1.03831485E+02
2.98125000E+02, -1.08596646E+02
2.98750000E+02, -1.05845552E+02
2.99375000E+02, -9.60278496E+01
3.00000000E+02, -9.52610970E+01
3.00625000E+02, -1.03816750E+02
3.01250000E+02, -1.05323662E+02
3.01875000E+02, -1.05368145E+02
3.02500000E+02, -9.87803857E+01
3.03125000E+02, -9.47628887E+01
3.03750000E+02, -9.90506082E+01
3.04375000E+02, -1.00182828E+02
3.05000000E+02, -1.02386373E+02
3.05625000E+02, -1.05675491E+02
3.06250000E+02, -1.04612312E+02
3.06875000E+02, -1.03398581E+02
3.07500000E+02, -9.92101273E+01
3.08125000E+02, -9.63069197E+01
3.08750000E+02, -9.81304068E+01
3.09375000E+02, -1.01735030E+02
3.10000000E+02, -1.00431874E+02
3.10625000E+02, -9.93574165E+01
3.11250000E+02, -9.85031153E+01
3.11875000E+02, -9.92821858E+01
3.12500000E+02, -1.01534837E+02
3.13125000E+02, -1.09698804E+02
3.13750000E+02, -1.03347004E+02
3.14375000E+02, -1.28134251E+02
3.15000000E+02, -1.06787879E+02
3.15625000E+02, -9.91073310E+01
3.16250000E+02, -9.86133557E+01
3.16875000E+02, -9.71095597E+01
3.17500000E+02, -9.81298951E+01
3.18125000E+02, -9.96862576E+01
3.18750000E+02, -9.97115209E+01
3.19375000E+02, -1.00017243E+02
3.20000000E+02, -9.84961955E+01
3.20625000E+02, -1.06890085E+02
3.21250000E+02, -9.94714395E+01
3.21875000E+02, -1.04023417E+02
3.22500000E+02, -9.50909260E+01
3.23125000E+02, -9.96102536E+01
3.23750000E+02, -1.06530649E+02
3.24375000E+02, -9.95018270E+01
3.25000000E+02, -9.03676336E+01
3.25625000E+02, -8.93513656E+01
3.26250000E+02, -9.58640557E+01
3.26875000E+02, -1.07162954E+02
3.27500000E+02, -1.07736362E+02
3.28125000E+02, -9.63917946E+01
3.28750000E+02, -9.41674289E+01
3.29375000E+02, -9.54918996E+01
3.30000000E+02, -9.52465638E+01
3.30625000E+02, -9.43106441E+01
3.31250000E+02, -9.99238341E+01
3.31875000E+02, -1.09618428E+02
3.32500000E+02, -9.57738227E+01
3.33125000E+02, -1.02321361E+02
3.33750000E+02, -9.01554651E+01
3.34375000E+02, -9.19282497E+01
3.35000000E+02, -9.68606802E+01
3.35625000E+02, -9.88124086E+01
3.36250000E+02, -1.03359960E+02
3.36875000E+02, -9.48067488E+01
3.37500000E+02, -9.52705611E+01
3.38125000E+02, -1.09815190E+02
3.38750000E+02, -1.00636253E+02
3.39375000E+02, -9.48077272E+01
3.40000000E+02, -1.03547199E+02
3.40625000E+02, -1.01198410E+02
3.41250000E+02, -9.99253283E+01
3.41875000E+02, -9.71886890E+01
3.42500000E+02, -8.84903646E+01
3.43125000E+02, -9.13235560E+01
3.43750000E+02, -9.60246835E+01
3.44375000E+02, -9.79089711E+01
3.45000000E+02, -1.00059688E+02
3.45625000E+02, -9.71997111E+01
3.46250000E+02, -1.01144237E+02
3.46875000E+02, -1.13667254E+02
3.47500000E+02, -9.92040782E+01
3.48125000E+02, -9.74132765E+01
3.48750000E+02, -1.06355998E+02
3.49375000E+02, -9.95494954E+01
3.50000000E+02, -9.45306961E+01
3.50625000E+02, -9.02191139E+01
3.51250000E+02, -8.95429841E+01
3.51875000E+02, -9.34966317E+01
3.52500000E+02, -1.03398594E+02
3.53125000E+02, -1.03721055E+02
3.53750000E+02, -9.49592383E+01
3.54375000E+02, -9.30860834E+01
3.55000000E+02, -1.02732243E+02
3.55625000E+02, -9.82980882E+01
3.56250000E+02, -9.48520562E+01
3.56875000E+02, -1.00654788E+02
3.57500000E+02, -1.08563362E+02
3.58125000E+02, -9.87659268E+01
3.58750000E+02, -9.45533042E+01
3.59375000E+02, -1.05830888E+02
3.60000000E+02, -1.01851036E+02
3.60625000E+02, -9.83142477E+01
3.61250000E+02, -1.04844094E+02
3.61875000E+02, -1.15194498E+02
3.62500000E+02, -9.87199099E+01
3.63125000E+02, -9.46929511E+01
3.63750000E+02, -9.53370100E+01
3.64375000E+02, -9.56763481E+01
3.65000000E+02, -9.37495146E+01
3.65625000E+02, -9.92061661E+01
3.66250000E+02, -1.06034577E+02
3.66875000E+02, -9.60306532E+01
3.67500000E+02, -9.88415798E+01
3.68125000E+02, -1.09657639E+02
3.68750000E+02, -9.77657566E+01
3.69375000E+02, -9.77076360E+01
3.70000000E+02, -1.20481220E+02
3.70625000E+02, -1.04456406E+02
3.71250000E+02, -1.01885540E+02
3.71875000E+02, -1.00585768E+02
3.72500000E+02, -9.78875548E+01
3.73125000E+02, -1.03224117E+02
3.73750000E+02, -9.77112098E+01
3.74375000E+02, -1.19558858E+02
3.75000000E+02, -1.04549395E+02
3.75625000E+02, -9.84554818E+01
3.76250000E+02, -1.01606406E+02
3.76875000E+02, -1.18213531E+02
3.77500000E+02, -1.00258831E+02
3.78125000E+02, -1.01912507E+02
3.78750000E+02, -1.04558992E+02
3.79375000E+02, -1.00673672E+02
3.80000000E+02, -9.76358816E+01
3.80625000E+02, -1.04735994E+02
3.81250000E+02, -9.77345345E+01
3.81875000E+02, -1.02133529E+02
3.82500000E+02, -1.02034166E+02
3.83125000E+02, -9.77669303E+01
3.83750000E+02, -9.84958673E+01
3.84375000E+02, -9.29985142E+01
3.85000000E+02, -9.53776851E+01
3.85625000E+02, -9.98651019E+01
3.86250000E+02, -9.63694867E+01
3.86875000E+02, -1.00472415E+02
3.87500000E+02, -1.10919210E+02
3.88125000E+02, -1.06202622E+02
3.88750000E+02, -1.01132378E+02
3.89375000E+02, -1.01801967E+02
3.90000000E+02, -1.02123206E+02
3.90625000E+02, -9.88684864E+01
3.91250000E+02, -1.06630951E+02
3.91875000E+02, -1.00392542E+02
3.92500000E+02, -9.52654889E+01
3.93125000E+02, -9.74258678E+01
3.93750000E+02, -9.59959381E+01
3.94375000E+02, -9.90527521E+01
3.95000000E+02, -1.05387309E+02
3.95625000E+02, -1.05099187E+02
3.96250000E+02, -9.72126517E+01
3.96875000E+02, -9.43836572E+01
3.97500000E+02, -9.96455540E+01
3.98125000E+02, -1.04954346E+02
3.98750000E+02, -1.00597971E+02
3.99375000E+02, -9.61398501E+01
4.00000000E+02, -1.01501610E+02
4.00625000E+02, -1.07403478E+02
4.01250000E+02, -9.99922470E+01
4.01875000E+02, -1.01273879E+02
4.02500000E+02, -9.91537341E+01
4.03125000E+02, -9.47273436E+01
4.03750000E+02, -9.44639974E+01
4.04375000E+02, -9.79364800E+01
4.05000000E+02, -1.01728807E+02
4.05625000E+02, -1.00254135E+02
4.06250000E+02, -1.06269249E+02
4.06875000E+02, -1.11987311E+02
4.07500000E+02, -9.56800021E+01
4.08125000E+02, -9.33086829E+01
4.08750000E+02, -9.63437255E+01
4.09375000E+02, -9.87736980E+01
4.10000000E+02, -9.70103077E+01
4.10625000E+02, -9.83828669E+01
4.11250000E+02, -1.03940216E+02
4.11875000E+02, -1.09078036E+02
4.12500000E+02, -1.10952774E+02
4.13125000E+02, -1.13009077E+02
4.13750000E+02, -1.00172237E+02
4.14375000E+02, -9.81017222E+01
4.15000000E+02, -1.04385037E+02
4.15625000E+02, -1.00550526E+02
4.16250000E+02, -9.62303843E+01
4.16875000E+02, -1.03804995E+02
4.17500000E+02, -1.06463011E+02
4.18125000E+02, -1.05301870E+02
4.18750000E+02, -1.04968151E+02
4.19375000E+02, -1.01969251E+02
4.20000000E+02, -1.03431427E+02
4.20625000E+02, -1.03449985E+02
4.21250000E+02, -1.02465905E+02
4.21875000E+02, -1.09756025E+02
4.22500000E+02, -1.09481840E+02
4.23125000E+02, -1.02476686E+02
4.23750000E+02, -1.16344900E+02
4.24375000E+02, -9.86080491E+01
4.25000000E+02, -9.54663656E+01
4.25625000E+02, -1.03563990E+02
4.26250000E+02, -1.01765240E+02
4.26875000E+02, -9.74020770E+01
4.27500000E+02, -1.06170018E+02
4.28125000E+02, -1.06021371E+02
4.28750000E+02, -1.01054226E+02
4.29375000E+02, -9.70260143E+01
4.30000000E+02, -1.01302685E+02
4.30625000E+02, -1.08922117E+02
4.31250000E+02, -1.00080707E+02
4.31875000E+02, -9.91278302E+01
4.32500000E+02, -1.03030841E+02
4.33125000E+02, -1.00020598E+02
4.33750000E+02, -9.85184203E+01
4.34375000E+02, -9.96938162E+01
4.35000000E+02, -1.03709885E+02
4.35625000E+02, -1.10150436E+02
4.36250000E+02, -1.04663980E+02
4.36875000E+02, -1.03425378E+02
4.37500000E+02, -1.01179776E+02
4.38125000E+02, -1.15944738E+02
4.38750000E+02, -1.03103860E+02
4.39375000E+02, -1.06389865E+02
4.40000000E+02, -1.27050339E+02
4.40625000E+02, -1.07717447E+02
4.41250000E+02, -1.02235072E+02
4.41875000E+02, -1.01142872E+02
4.42500000E+02, -1.04241919E+02
4.43125000E+02, -1.06334860E+02
4.43750000E+02, -1.04916765E+02
4.44375000E+02, -1.05152794E+02
4.45000000E+02, -1.01058180E+02
4.45625000E+02, -9.74207953E+01
4.46250000E+02, -9.75252100E+01
4.46875000E+02, -1.10997140E+02
4.47500000E+02, -1.04603167E+02
4.48125000E+02, -1.23715925E+02
4.48750000E+02, -1.01427546E+02
4.49375000E+02, -9.80373467E+01
4.50000000E+02, -9.77659761E+01
4.50625000E+02, -1.00274254E+02
4.51250000E+02, -1.08541971E+02
4.51875000E+02, -1.01043166E+02
4.52500000E+02, -9.83284487E+01
4.53125000E+02, -1.23577124E+02
4.53750000E+02, -9.79941962E+01
4.54375000E+02, -1.02807207E+02
4.55000000E+02, -1.25757722E+02
4.55625000E+02, -1.12966769E+02
4.56250000E+02, -1.02640899E+02
4.56875000E+02, -1.01092317E+02
4.57500000E+02, -1.02916693E+02
4.58125000E+02, -1.03215426E+02
4.58750000E+02, -1.04483218E+02
4.59375000E+02, -1.15619191E+02
4.60000000E+02, -1.12496363E+02
4.60625000E+02, -1.09660234E+02
4.61250000E+02, -1.06418279E+02
4.61875000E+02, -1.02160537E+02
4.62500000E+02, -9.93478741E+01
4.63125000E+02, -1.05637065E+02
4.63750000E+02, -1.15798576E+02
4.64375000E+02, -1.09455872E+02
4.65000000E+02, -1.07883369E+02
4.65625000E+02, -1.12918743E+02
4.66250000E+02, -1.04629776E+02
4.66875000E+02, -1.02318190E+02
4.67500000E+02, -1.01236381E+02
4.68125000E+02, -1.02396584E+02
4.68750000E+02, -1.05020781E+02
4.69375000E+02, -9.97129863E+01
4.70000000E+02, -9.70168825E+01
4.70625000E+02, -1.00355632E+02
4.71250000E+02, -1.01903719E+02
4.71875000E+02, -1.00004558E+02
4.72500000E+02, -1.00696115E+02
4.73125000E+02, -1.02834531E+02
4.73750000E+02, -1.04576581E+02
4.74375000E+02, -1.18312610E+02
4.75000000E+02, -1.09919754E+02
4.75625000E+02, -1.03326834E+02
4.76250000E+02, -1.09500596E+02
4.76875000E+02, -1.05660462E+02
4.77500000E+02, -1.03819831E+02
4.78125000E+02, -1.05653341E+02
4.78750000E+02, -1.08286852E+02
4.79375000E+02, -1.05040386E+02
4.80000000E+02, -9.84846498E+01
4.80625000E+02, -9.55532675E+01
4.81250000E+02, -9.79447599E+01
4.81875000E+02, -1.10497624E+02
4.82500000E+02, -1.08258675E+02
4.83125000E+02, -1.05565050E+02
4.83750000E+02, -1.10401643E+02
4.84375000E+02, -1.02314380E+02
4.85000000E+02, -1.07417846E+02
4.85625000E+02, -1.27476282E+02
4.86250000E+02, -1.08934417E+02
4.86875000E+02, -1.11472844E+02
4.87500000E+02, -1.10075171E+02
4.88125000E+02, -1.02118982E+02
4.88750000E+02, -1.00855488E+02
4.89375000E+02, -1.24984595E+02
4.90000000E+02, -1.02775945E+02
4.90625000E+02, -1.03982738E+02
4.91250000E+02, -1.09011277E+02
4.91875000E+02, -1.03163714E+02
4.92500000E+02, -1.16678381E+02
4.93125000E+02, -1.08415709E+02
4.93750000E+02, -1.14969007E+02
4.94375000E+02, -1.07136258E+02
4.95000000E+02, -1.03001572E+02
4.95625000E+02, -1.01188463E+02
4.96250000E+02, -9.94524635E+01
4.96875000E+02, -1.02364310E+02
4.97500000E+02, -1.10306137E+02
4.98125000E+02, -1.04508870E+02
4.98750000E+02, -1.12442545E+02
4.99375000E+02, -1.05044565E+02
5.00000000E+02, -1.06490711E+02
"OVERALL", 1.34060735E+00
