Label:, CH1: Time
DateTime:, Wed Jan  1 00:07:20 2003
DataKind:, CH1, Time, Real
DataPoints:, 2048
DataCalc:
Frequency:, 0.000 , 1600.000, Hz
Sample:, 2048, Internal
Average:, 0, Power/Sum
Voltage(CH1):, 10.000, dBVrms
EU/V(CH1):, 1.000E+00
Window(CH1):, Hann
X-AxisScale:, Lin
X-AxisUnit:, s
Y-AxisScale:, Lin
Y-AxisUnit:, V
Y-AxisMagniude:
0.00000000E+00, 7.03210771E-01
2.44140625E-04, 6.98501408E-01
4.88281250E-04, 6.93391621E-01
7.32421875E-04, 6.88620508E-01
9.76562500E-04, 6.83015406E-01
1.22070312E-03, 6.77407146E-01
1.46484375E-03, 6.71354353E-01
1.70898438E-03, 6.64717555E-01
1.95312500E-03, 6.58099890E-01
2.19726562E-03, 6.51609719E-01
2.44140625E-03, 6.44684970E-01
2.68554688E-03, 6.36825740E-01
2.92968750E-03, 6.29702985E-01
3.17382812E-03, 6.21448696E-01
3.41796875E-03, 6.13782644E-01
3.66210938E-03, 6.05280101E-01
3.90625000E-03, 5.97269297E-01
4.15039062E-03, 5.87758839E-01
4.39453125E-03, 5.79608083E-01
4.63867188E-03, 5.70006073E-01
4.88281250E-03, 5.61553478E-01
5.12695312E-03, 5.52285492E-01
5.37109375E-03, 5.43629527E-01
5.61523438E-03, 5.34109533E-01
5.85937500E-03, 5.24297595E-01
6.10351562E-03, 5.14006734E-01
6.34765625E-03, 5.04655480E-01
6.59179688E-03, 4.95336205E-01
6.83593750E-03, 4.85395700E-01
7.08007812E-03, 4.75043833E-01
7.32421875E-03, 4.63939428E-01
7.56835938E-03, 4.54626799E-01
7.81250000E-03, 4.43594098E-01
8.05664062E-03, 4.32962239E-01
8.30078125E-03, 4.21818823E-01
8.54492188E-03, 4.11930591E-01
8.78906250E-03, 4.00497615E-01
9.03320312E-03, 3.90197366E-01
9.27734375E-03, 3.78148735E-01
9.52148438E-03, 3.67197245E-01
9.76562500E-03, 3.54927331E-01
1.00097656E-02, 3.43931705E-01
1.02539062E-02, 3.31179887E-01
1.04980469E-02, 3.19447994E-01
1.07421875E-02, 3.06710899E-01
1.09863281E-02, 2.94790477E-01
1.12304688E-02, 2.82038838E-01
1.14746094E-02, 2.69034028E-01
1.17187500E-02, 2.56183624E-01
1.19628906E-02, 2.42951483E-01
1.22070312E-02, 2.30457798E-01
1.24511719E-02, 2.16289982E-01
1.26953125E-02, 2.04144359E-01
1.29394531E-02, 1.90361232E-01
1.31835938E-02, 1.77757204E-01
1.34277344E-02, 1.64003789E-01
1.36718750E-02, 1.51552483E-01
1.39160156E-02, 1.37350067E-01
1.41601562E-02, 1.23938762E-01
1.44042969E-02, 1.09194435E-01
1.46484375E-02, 9.66916606E-02
1.48925781E-02, 8.13160539E-02
1.51367188E-02, 6.83022365E-02
1.53808594E-02, 5.40622324E-02
1.56250000E-02, 4.10346985E-02
1.58691406E-02, 2.74310056E-02
1.61132812E-02, 1.33544020E-02
1.63574219E-02, -7.52032647E-05
1.66015625E-02, -1.44412508E-02
1.68457031E-02, -2.83949450E-02
1.70898438E-02, -4.26871404E-02
1.73339844E-02, -5.64672463E-02
1.75781250E-02, -7.04316273E-02
1.78222656E-02, -8.39094594E-02
1.80664062E-02, -9.80122313E-02
1.83105469E-02, -1.09765418E-01
1.85546875E-02, -1.25310212E-01
1.87988281E-02, -1.37805194E-01
1.90429688E-02, -1.51906818E-01
1.92871094E-02, -1.64704621E-01
1.95312500E-02, -1.79422453E-01
1.97753906E-02, -1.92612216E-01
2.00195312E-02, -2.06845254E-01
2.02636719E-02, -2.18738064E-01
2.05078125E-02, -2.32087135E-01
2.07519531E-02, -2.45630041E-01
2.09960938E-02, -2.58532137E-01
2.12402344E-02, -2.71424174E-01
2.14843750E-02, -2.83534169E-01
2.17285156E-02, -2.96091735E-01
2.19726562E-02, -3.08640242E-01
2.22167969E-02, -3.21218103E-01
2.24609375E-02, -3.33047152E-01
2.27050781E-02, -3.45177233E-01
2.29492188E-02, -3.56226534E-01
2.31933594E-02, -3.69178414E-01
2.34375000E-02, -3.78695309E-01
2.36816406E-02, -3.90590161E-01
2.39257812E-02, -4.01002377E-01
2.41699219E-02, -4.13094074E-01
2.44140625E-02, -4.23578501E-01
2.46582031E-02, -4.34278190E-01
2.49023438E-02, -4.44521248E-01
2.51464844E-02, -4.55246419E-01
2.53906250E-02, -4.65596884E-01
2.56347656E-02, -4.76806939E-01
2.58789062E-02, -4.86317128E-01
2.61230469E-02, -4.96546447E-01
2.63671875E-02, -5.05903780E-01
2.66113281E-02, -5.15441298E-01
2.68554688E-02, -5.25971055E-01
2.70996094E-02, -5.34847975E-01
2.73437500E-02, -5.44833302E-01
2.75878906E-02, -5.53955495E-01
2.78320312E-02, -5.63885808E-01
2.80761719E-02, -5.72934449E-01
2.83203125E-02, -5.82509696E-01
2.85644531E-02, -5.90312660E-01
2.88085938E-02, -5.99649429E-01
2.90527344E-02, -6.07142746E-01
2.92968750E-02, -6.15541279E-01
2.95410156E-02, -6.22394323E-01
2.97851562E-02, -6.30140305E-01
3.00292969E-02, -6.37359500E-01
3.02734375E-02, -6.44924104E-01
3.05175781E-02, -6.52030230E-01
3.07617188E-02, -6.58403039E-01
3.10058594E-02, -6.64709926E-01
3.12500000E-02, -6.71370208E-01
3.14941406E-02, -6.76902294E-01
3.17382812E-02, -6.81999028E-01
3.19824219E-02, -6.87726200E-01
3.22265625E-02, -6.92931473E-01
3.24707031E-02, -6.98412538E-01
3.27148438E-02, -7.02629685E-01
3.29589844E-02, -7.07244337E-01
3.32031250E-02, -7.11149693E-01
3.34472656E-02, -7.16161788E-01
3.36914062E-02, -7.19987035E-01
3.39355469E-02, -7.23617733E-01
3.41796875E-02, -7.26597667E-01
3.44238281E-02, -7.30124831E-01
3.46679688E-02, -7.32908487E-01
3.49121094E-02, -7.35544503E-01
3.51562500E-02, -7.37538755E-01
3.54003906E-02, -7.39717066E-01
3.56445312E-02, -7.41931617E-01
3.58886719E-02, -7.43619680E-01
3.61328125E-02, -7.45013475E-01
3.63769531E-02, -7.46301889E-01
3.66210938E-02, -7.47202039E-01
3.68652344E-02, -7.47475386E-01
3.71093750E-02, -7.47494817E-01
3.73535156E-02, -7.46780813E-01
3.75976562E-02, -7.47283101E-01
3.78417969E-02, -7.46851563E-01
3.80859375E-02, -7.46337235E-01
3.83300781E-02, -7.45572209E-01
3.85742188E-02, -7.44600117E-01
3.88183594E-02, -7.43618786E-01
3.90625000E-02, -7.42255509E-01
3.93066406E-02, -7.41011679E-01
3.95507812E-02, -7.38802075E-01
3.97949219E-02, -7.36424804E-01
4.00390625E-02, -7.34227598E-01
4.02832031E-02, -7.31772244E-01
4.05273438E-02, -7.28881478E-01
4.07714844E-02, -7.25795448E-01
4.10156250E-02, -7.22046554E-01
4.12597656E-02, -7.19088316E-01
4.15039062E-02, -7.14593351E-01
4.17480469E-02, -7.09632099E-01
4.19921875E-02, -7.04980493E-01
4.22363281E-02, -7.00291634E-01
4.24804688E-02, -6.95191443E-01
4.27246094E-02, -6.91139102E-01
4.29687500E-02, -6.85848296E-01
4.32128906E-02, -6.79780602E-01
4.34570312E-02, -6.74098730E-01
4.37011719E-02, -6.67499900E-01
4.39453125E-02, -6.61398411E-01
4.41894531E-02, -6.54849410E-01
4.44335938E-02, -6.48544252E-01
4.46777344E-02, -6.41180456E-01
4.49218750E-02, -6.34177566E-01
4.51660156E-02, -6.26376927E-01
4.54101562E-02, -6.19687259E-01
4.56542969E-02, -6.11265242E-01
4.58984375E-02, -6.03724301E-01
4.61425781E-02, -5.96010923E-01
4.63867188E-02, -5.88917851E-01
4.66308594E-02, -5.80134034E-01
4.68750000E-02, -5.71351647E-01
4.71191406E-02, -5.62444925E-01
4.73632812E-02, -5.53763449E-01
4.76074219E-02, -5.44690371E-01
4.78515625E-02, -5.35973370E-01
4.80957031E-02, -5.27489305E-01
4.83398438E-02, -5.17668664E-01
4.85839844E-02, -5.07954538E-01
4.88281250E-02, -4.97790873E-01
4.90722656E-02, -4.87899959E-01
4.93164062E-02, -4.76888716E-01
4.95605469E-02, -4.66859132E-01
4.98046875E-02, -4.57066476E-01
5.00488281E-02, -4.47671711E-01
5.02929688E-02, -4.36097324E-01
5.05371094E-02, -4.25889730E-01
5.07812500E-02, -4.12886679E-01
5.10253906E-02, -4.01554912E-01
5.12695312E-02, -3.90910059E-01
5.15136719E-02, -3.80801052E-01
5.17578125E-02, -3.68126869E-01
5.20019531E-02, -3.55994821E-01
5.22460938E-02, -3.42974424E-01
5.24902344E-02, -3.31065357E-01
5.27343750E-02, -3.18264276E-01
5.29785156E-02, -3.05349946E-01
5.32226562E-02, -2.92915940E-01
5.34667969E-02, -2.80265152E-01
5.37109375E-02, -2.66821295E-01
5.39550781E-02, -2.52004534E-01
5.41992188E-02, -2.39059910E-01
5.44433594E-02, -2.25991398E-01
5.46875000E-02, -2.12653711E-01
5.49316406E-02, -1.99370652E-01
5.51757812E-02, -1.88381121E-01
5.54199219E-02, -1.72945946E-01
5.56640625E-02, -1.59049869E-01
5.59082031E-02, -1.44393027E-01
5.61523438E-02, -1.31399319E-01
5.63964844E-02, -1.16531022E-01
5.66406250E-02, -1.03261694E-01
5.68847656E-02, -8.92908126E-02
5.71289062E-02, -7.64096901E-02
5.73730469E-02, -6.15350939E-02
5.76171875E-02, -4.74303924E-02
5.78613281E-02, -3.39160636E-02
5.81054688E-02, -2.11984571E-02
5.83496094E-02, -7.45719299E-03
5.85937500E-02, 6.16829190E-03
5.88378906E-02, 2.00564135E-02
5.90820312E-02, 3.46713625E-02
5.93261719E-02, 4.82458323E-02
5.95703125E-02, 6.19002469E-02
5.98144531E-02, 7.45862871E-02
6.00585938E-02, 8.84627700E-02
6.03027344E-02, 1.00482732E-01
6.05468750E-02, 1.14369556E-01
6.07910156E-02, 1.25881031E-01
6.10351562E-02, 1.39982775E-01
6.12792969E-02, 1.52849436E-01
6.15234375E-02, 1.66420951E-01
6.17675781E-02, 1.78173542E-01
6.20117188E-02, 1.91394284E-01
6.22558594E-02, 2.03966588E-01
6.25000000E-02, 2.17085183E-01
6.27441406E-02, 2.29123160E-01
6.29882812E-02, 2.42205411E-01
6.32324219E-02, 2.54510909E-01
6.34765625E-02, 2.67545909E-01
6.37207031E-02, 2.80606538E-01
6.39648438E-02, 2.92848855E-01
6.42089844E-02, 3.04620534E-01
6.44531250E-02, 3.16865087E-01
6.46972656E-02, 3.29287857E-01
6.49414062E-02, 3.40961963E-01
6.51855469E-02, 3.53055924E-01
6.54296875E-02, 3.63991648E-01
6.56738281E-02, 3.76957595E-01
6.59179688E-02, 3.88176471E-01
6.61621094E-02, 4.00250375E-01
6.64062500E-02, 4.11020726E-01
6.66503906E-02, 4.22953308E-01
6.68945312E-02, 4.33060914E-01
6.71386719E-02, 4.45162207E-01
6.73828125E-02, 4.55755651E-01
6.76269531E-02, 4.66740757E-01
6.78710938E-02, 4.76309597E-01
6.81152344E-02, 4.87029374E-01
6.83593750E-02, 4.96824950E-01
6.86035156E-02, 5.07156432E-01
6.88476562E-02, 5.17396927E-01
6.90917969E-02, 5.27193069E-01
6.93359375E-02, 5.36702216E-01
6.95800781E-02, 5.46500027E-01
6.98242188E-02, 5.56219280E-01
7.00683594E-02, 5.64581394E-01
7.03125000E-02, 5.73595583E-01
7.05566406E-02, 5.82087636E-01
7.08007812E-02, 5.90759635E-01
7.10449219E-02, 5.97992063E-01
7.12890625E-02, 6.06955349E-01
7.15332031E-02, 6.14387870E-01
7.17773438E-02, 6.22395813E-01
7.20214844E-02, 6.29561305E-01
7.22656250E-02, 6.37268126E-01
7.25097656E-02, 6.43918335E-01
7.27539062E-02, 6.51507080E-01
7.29980469E-02, 6.58044279E-01
7.32421875E-02, 6.64831817E-01
7.34863281E-02, 6.70808077E-01
7.37304688E-02, 6.77294314E-01
7.39746094E-02, 6.83018923E-01
7.42187500E-02, 6.88909352E-01
7.44628906E-02, 6.94809079E-01
7.47070312E-02, 7.00124860E-01
7.49511719E-02, 7.05302119E-01
7.51953125E-02, 7.09749639E-01
7.54394531E-02, 7.14437068E-01
7.56835938E-02, 7.18386889E-01
7.59277344E-02, 7.22730339E-01
7.61718750E-02, 7.26074517E-01
7.64160156E-02, 7.30048299E-01
7.66601562E-02, 7.33206391E-01
7.69042969E-02, 7.36483932E-01
7.71484375E-02, 7.38997102E-01
7.73925781E-02, 7.41922617E-01
7.76367188E-02, 7.44365335E-01
7.78808594E-02, 7.46516883E-01
7.81250000E-02, 7.47861564E-01
7.83691406E-02, 7.49635458E-01
7.86132812E-02, 7.51033008E-01
7.88574219E-02, 7.52247214E-01
7.91015625E-02, 7.53697276E-01
7.93457031E-02, 7.54302800E-01
7.95898438E-02, 7.54472733E-01
7.98339844E-02, 7.54740179E-01
8.00781250E-02, 7.55077422E-01
8.03222656E-02, 7.54572988E-01
8.05664062E-02, 7.54168451E-01
8.08105469E-02, 7.53211200E-01
8.10546875E-02, 7.52639532E-01
8.12988281E-02, 7.51491010E-01
8.15429688E-02, 7.50065267E-01
8.17871094E-02, 7.48376012E-01
8.20312500E-02, 7.46497452E-01
8.22753906E-02, 7.44409919E-01
8.25195312E-02, 7.42049456E-01
8.27636719E-02, 7.39698768E-01
8.30078125E-02, 7.36695111E-01
8.32519531E-02, 7.33892024E-01
8.34960938E-02, 7.30715692E-01
8.37402344E-02, 7.27951705E-01
8.39843750E-02, 7.23983943E-01
8.42285156E-02, 7.19872832E-01
8.44726562E-02, 7.15623379E-01
8.47167969E-02, 7.11652458E-01
8.49609375E-02, 7.06900299E-01
8.52050781E-02, 7.02332020E-01
8.54492188E-02, 6.97218895E-01
8.56933594E-02, 6.91926837E-01
8.59375000E-02, 6.86105430E-01
8.61816406E-02, 6.80196822E-01
8.64257812E-02, 6.74211085E-01
8.66699219E-02, 6.67540312E-01
8.69140625E-02, 6.61089718E-01
8.71582031E-02, 6.54019594E-01
8.74023438E-02, 6.47165060E-01
8.76464844E-02, 6.39442265E-01
8.78906250E-02, 6.32379293E-01
8.81347656E-02, 6.24050796E-01
8.83789062E-02, 6.16566718E-01
8.86230469E-02, 6.07853889E-01
8.88671875E-02, 6.00012183E-01
8.91113281E-02, 5.90783477E-01
8.93554688E-02, 5.82507670E-01
8.95996094E-02, 5.73097885E-01
8.98437500E-02, 5.64368546E-01
9.00878906E-02, 5.55194020E-01
9.03320312E-02, 5.45970798E-01
9.05761719E-02, 5.36508262E-01
9.08203125E-02, 5.26950121E-01
9.10644531E-02, 5.17202497E-01
9.13085938E-02, 5.06860018E-01
9.15527344E-02, 4.97667611E-01
9.17968750E-02, 4.87525046E-01
9.20410156E-02, 4.77241099E-01
9.22851562E-02, 4.65957016E-01
9.25292969E-02, 4.56656665E-01
9.27734375E-02, 4.45722938E-01
9.30175781E-02, 4.35263634E-01
9.32617188E-02, 4.23850030E-01
9.35058594E-02, 4.14333999E-01
9.37500000E-02, 4.03097928E-01
9.39941406E-02, 3.92511487E-01
9.42382812E-02, 3.80411625E-01
9.44824219E-02, 3.69289428E-01
9.47265625E-02, 3.57343823E-01
9.49707031E-02, 3.46188635E-01
9.52148438E-02, 3.33596051E-01
9.54589844E-02, 3.21179152E-01
9.57031250E-02, 3.08745503E-01
9.59472656E-02, 2.96542734E-01
9.61914062E-02, 2.84341305E-01
9.64355469E-02, 2.70805746E-01
9.66796875E-02, 2.58385450E-01
9.69238281E-02, 2.44527429E-01
9.71679688E-02, 2.31912106E-01
9.74121094E-02, 2.17455164E-01
9.76562500E-02, 2.05043912E-01
9.79003906E-02, 1.91347033E-01
9.81445312E-02, 1.78965062E-01
9.83886719E-02, 1.64995015E-01
9.86328125E-02, 1.52538121E-01
9.88769531E-02, 1.38269722E-01
9.91210938E-02, 1.24998853E-01
9.93652344E-02, 1.10454798E-01
9.96093750E-02, 9.80875045E-02
9.98535156E-02, 8.33053589E-02
1.00097656E-01, 6.95398003E-02
1.00341797E-01, 5.58771640E-02
1.00585938E-01, 4.21575159E-02
1.00830078E-01, 2.90643033E-02
1.01074219E-01, 1.45746637E-02
1.01318359E-01, 1.12315093E-03
1.01562500E-01, -1.33900372E-02
1.01806641E-01, -2.71418877E-02
1.02050781E-01, -4.21162769E-02
1.02294922E-01, -5.57954311E-02
1.02539062E-01, -7.00695217E-02
1.02783203E-01, -8.32427591E-02
1.03027344E-01, -9.82251093E-02
1.03271484E-01, -1.10257335E-01
1.03515625E-01, -1.25413999E-01
1.03759766E-01, -1.37820810E-01
1.04003906E-01, -1.51741579E-01
1.04248047E-01, -1.64802238E-01
1.04492188E-01, -1.79362327E-01
1.04736328E-01, -1.92929983E-01
1.04980469E-01, -2.06433386E-01
1.05224609E-01, -2.19113573E-01
1.05468750E-01, -2.32441112E-01
1.05712891E-01, -2.46187225E-01
1.05957031E-01, -2.58663327E-01
1.06201172E-01, -2.71958083E-01
1.06445312E-01, -2.84064770E-01
1.06689453E-01, -2.97407657E-01
1.06933594E-01, -3.09505999E-01
1.07177734E-01, -3.22103411E-01
1.07421875E-01, -3.34062219E-01
1.07666016E-01, -3.46997082E-01
1.07910156E-01, -3.57714206E-01
1.08154297E-01, -3.70927572E-01
1.08398438E-01, -3.81294012E-01
1.08642578E-01, -3.93058687E-01
1.08886719E-01, -4.03112352E-01
1.09130859E-01, -4.14940149E-01
1.09375000E-01, -4.25762415E-01
1.09619141E-01, -4.36053813E-01
1.09863281E-01, -4.46396559E-01
1.10107422E-01, -4.56784546E-01
1.10351562E-01, -4.67637539E-01
1.10595703E-01, -4.78337735E-01
1.10839844E-01, -4.87871110E-01
1.11083984E-01, -4.97933567E-01
1.11328125E-01, -5.08005977E-01
1.11572266E-01, -5.17368019E-01
1.11816406E-01, -5.27883947E-01
1.12060547E-01, -5.36782742E-01
1.12304688E-01, -5.46794891E-01
1.12548828E-01, -5.55862188E-01
1.12792969E-01, -5.65933943E-01
1.13037109E-01, -5.74659944E-01
1.13281250E-01, -5.84718108E-01
1.13525391E-01, -5.92551947E-01
1.13769531E-01, -6.02003574E-01
1.14013672E-01, -6.09640896E-01
1.14257812E-01, -6.18224144E-01
1.14501953E-01, -6.25842333E-01
1.14746094E-01, -6.33383691E-01
1.14990234E-01, -6.41189277E-01
1.15234375E-01, -6.48348093E-01
1.15478516E-01, -6.55687571E-01
1.15722656E-01, -6.62278533E-01
1.15966797E-01, -6.68560445E-01
1.16210938E-01, -6.74755871E-01
1.16455078E-01, -6.80733144E-01
1.16699219E-01, -6.86008215E-01
1.16943359E-01, -6.92290187E-01
1.17187500E-01, -6.97504580E-01
1.17431641E-01, -7.03222632E-01
1.17675781E-01, -7.08411932E-01
1.17919922E-01, -7.13580310E-01
1.18164062E-01, -7.17531681E-01
1.18408203E-01, -7.22395957E-01
1.18652344E-01, -7.25943625E-01
1.18896484E-01, -7.30095923E-01
1.19140625E-01, -7.33289480E-01
1.19384766E-01, -7.36395597E-01
1.19628906E-01, -7.39046633E-01
1.19873047E-01, -7.41665781E-01
1.20117188E-01, -7.44187713E-01
1.20361328E-01, -7.46094286E-01
1.20605469E-01, -7.48281598E-01
1.20849609E-01, -7.49830425E-01
1.21093750E-01, -7.51151621E-01
1.21337891E-01, -7.51927972E-01
1.21582031E-01, -7.52740145E-01
1.21826172E-01, -7.52978683E-01
1.22070312E-01, -7.53985703E-01
1.22314453E-01, -7.54227757E-01
1.22558594E-01, -7.53847718E-01
1.22802734E-01, -7.53323972E-01
1.23046875E-01, -7.53352165E-01
1.23291016E-01, -7.53253222E-01
1.23535156E-01, -7.52068281E-01
1.23779297E-01, -7.51009822E-01
1.24023438E-01, -7.50243068E-01
1.24267578E-01, -7.49148428E-01
1.24511719E-01, -7.47415543E-01
1.24755859E-01, -7.45266318E-01
1.25000000E-01, -7.42899299E-01
1.25244141E-01, -7.40618050E-01
1.25488281E-01, -7.37862766E-01
1.25732422E-01, -7.35413313E-01
1.25976562E-01, -7.32131243E-01
1.26220703E-01, -7.28612959E-01
1.26464844E-01, -7.24438429E-01
1.26708984E-01, -7.20489144E-01
1.26953125E-01, -7.15960979E-01
1.27197266E-01, -7.10964262E-01
1.27441406E-01, -7.05974102E-01
1.27685547E-01, -7.01320410E-01
1.27929688E-01, -6.95705175E-01
1.28173828E-01, -6.89742386E-01
1.28417969E-01, -6.86738133E-01
1.28662109E-01, -6.81409061E-01
1.28906250E-01, -6.74061596E-01
1.29150391E-01, -6.68121099E-01
1.29394531E-01, -6.61639810E-01
1.29638672E-01, -6.54334962E-01
1.29882812E-01, -6.48189902E-01
1.30126953E-01, -6.39741659E-01
1.30371094E-01, -6.33204401E-01
1.30615234E-01, -6.24953449E-01
1.30859375E-01, -6.17985904E-01
1.31103516E-01, -6.10199749E-01
1.31347656E-01, -6.01813734E-01
1.31591797E-01, -5.93808711E-01
1.31835938E-01, -5.85796833E-01
1.32080078E-01, -5.77143908E-01
1.32324219E-01, -5.66829562E-01
1.32568359E-01, -5.57411313E-01
1.32812500E-01, -5.49068093E-01
1.33056641E-01, -5.40830851E-01
1.33300781E-01, -5.31426966E-01
1.33544922E-01, -5.22743821E-01
1.33789062E-01, -5.12375891E-01
1.34033203E-01, -5.02585709E-01
1.34277344E-01, -4.91368324E-01
1.34521484E-01, -4.81614560E-01
1.34765625E-01, -4.71632868E-01
1.35009766E-01, -4.61899370E-01
1.35253906E-01, -4.51039404E-01
1.35498047E-01, -4.41382319E-01
1.35742188E-01, -4.28674132E-01
1.35986328E-01, -4.17253315E-01
1.36230469E-01, -4.06570375E-01
1.36474609E-01, -3.96054178E-01
1.36718750E-01, -3.84213388E-01
1.36962891E-01, -3.72667611E-01
1.37207031E-01, -3.60080332E-01
1.37451172E-01, -3.47619504E-01
1.37695312E-01, -3.34919989E-01
1.37939453E-01, -3.21179241E-01
1.38183594E-01, -3.08665663E-01
1.38427734E-01, -2.96428323E-01
1.38671875E-01, -2.84133106E-01
1.38916016E-01, -2.69101501E-01
1.39160156E-01, -2.56432861E-01
1.39404297E-01, -2.42781892E-01
1.39648438E-01, -2.29970858E-01
1.39892578E-01, -2.16646418E-01
1.40136719E-01, -2.05084637E-01
1.40380859E-01, -1.90091372E-01
1.40625000E-01, -1.76900670E-01
1.40869141E-01, -1.61953107E-01
1.41113281E-01, -1.48306131E-01
1.41357422E-01, -1.34360328E-01
1.41601562E-01, -1.21148758E-01
1.41845703E-01, -1.06869563E-01
1.42089844E-01, -9.34837908E-02
1.42333984E-01, -7.96261430E-02
1.42578125E-01, -6.50779679E-02
1.42822266E-01, -5.15961684E-02
1.43066406E-01, -3.90236638E-02
1.43310547E-01, -2.58480646E-02
1.43554688E-01, -1.16230277E-02
1.43798828E-01, 1.71490596E-03
1.44042969E-01, 1.64110381E-02
1.44287109E-01, 2.98748035E-02
1.44531250E-01, 4.41001318E-02
1.44775391E-01, 5.69468699E-02
1.45019531E-01, 7.14358762E-02
1.45263672E-01, 8.30865130E-02
1.45507812E-01, 9.72431004E-02
1.45751953E-01, 1.09140858E-01
1.45996094E-01, 1.22877814E-01
1.46240234E-01, 1.35404810E-01
1.46484375E-01, 1.48370340E-01
1.46728516E-01, 1.61122307E-01
1.46972656E-01, 1.74456164E-01
1.47216797E-01, 1.87379628E-01
1.47460938E-01, 2.00444326E-01
1.47705078E-01, 2.12339267E-01
1.47949219E-01, 2.25222081E-01
1.48193359E-01, 2.38124654E-01
1.48437500E-01, 2.50358552E-01
1.48681641E-01, 2.63211906E-01
1.48925781E-01, 2.75464505E-01
1.49169922E-01, 2.87827820E-01
1.49414062E-01, 2.99574465E-01
1.49658203E-01, 3.12243342E-01
1.49902344E-01, 3.23939621E-01
1.50146484E-01, 3.36637497E-01
1.50390625E-01, 3.47255379E-01
1.50634766E-01, 3.59932065E-01
1.50878906E-01, 3.70886743E-01
1.51123047E-01, 3.83339882E-01
1.51367188E-01, 3.94134611E-01
1.51611328E-01, 4.06168878E-01
1.51855469E-01, 4.17004287E-01
1.52099609E-01, 4.28851157E-01
1.52343750E-01, 4.39638674E-01
1.52587891E-01, 4.50580686E-01
1.52832031E-01, 4.60713118E-01
1.53076172E-01, 4.71256614E-01
1.53320312E-01, 4.81340140E-01
1.53564453E-01, 4.91284221E-01
1.53808594E-01, 5.01629889E-01
1.54052734E-01, 5.10963202E-01
1.54296875E-01, 5.20675242E-01
1.54541016E-01, 5.30259252E-01
1.54785156E-01, 5.40198088E-01
1.55029297E-01, 5.48572123E-01
1.55273438E-01, 5.57892561E-01
1.55517578E-01, 5.66103578E-01
1.55761719E-01, 5.75294971E-01
1.56005859E-01, 5.82748175E-01
1.56250000E-01, 5.91285646E-01
1.56494141E-01, 5.98644614E-01
1.56738281E-01, 6.06762469E-01
1.56982422E-01, 6.13985300E-01
1.57226562E-01, 6.21777236E-01
1.57470703E-01, 6.28398538E-01
1.57714844E-01, 6.35706961E-01
1.57958984E-01, 6.42620683E-01
1.58203125E-01, 6.49339914E-01
1.58447266E-01, 6.55808985E-01
1.58691406E-01, 6.62005782E-01
1.58935547E-01, 6.67930424E-01
1.59179688E-01, 6.73609734E-01
1.59423828E-01, 6.79292917E-01
1.59667969E-01, 6.84407055E-01
1.59912109E-01, 6.90040171E-01
1.60156250E-01, 6.94862604E-01
1.60400391E-01, 6.99709952E-01
1.60644531E-01, 7.03521490E-01
1.60888672E-01, 7.08226204E-01
1.61132812E-01, 7.11613834E-01
1.61376953E-01, 7.15667367E-01
1.61621094E-01, 7.18570650E-01
1.61865234E-01, 7.21985698E-01
1.62109375E-01, 7.25360572E-01
1.62353516E-01, 7.28114545E-01
1.62597656E-01, 7.30212808E-01
1.62841797E-01, 7.32507467E-01
1.63085938E-01, 7.34498441E-01
1.63330078E-01, 7.36271679E-01
1.63574219E-01, 7.38193274E-01
1.63818359E-01, 7.39411473E-01
1.64062500E-01, 7.40339696E-01
1.64306641E-01, 7.41073430E-01
1.64550781E-01, 7.41529167E-01
1.64794922E-01, 7.41538048E-01
1.65039062E-01, 7.41915047E-01
1.65283203E-01, 7.41589844E-01
1.65527344E-01, 7.41240859E-01
1.65771484E-01, 7.40412831E-01
1.66015625E-01, 7.39719331E-01
1.66259766E-01, 7.38710642E-01
1.66503906E-01, 7.37613857E-01
1.66748047E-01, 7.36275375E-01
1.66992188E-01, 7.34563053E-01
1.67236328E-01, 7.32793331E-01
1.67480469E-01, 7.30275989E-01
1.67724609E-01, 7.27671206E-01
1.67968750E-01, 7.24884868E-01
1.68212891E-01, 7.22433925E-01
1.68457031E-01, 7.19098687E-01
1.68701172E-01, 7.15831459E-01
1.68945312E-01, 7.11976647E-01
1.69189453E-01, 7.08179355E-01
1.69433594E-01, 7.03833580E-01
1.69677734E-01, 6.99872434E-01
1.69921875E-01, 6.95255399E-01
1.70166016E-01, 6.90629721E-01
1.70410156E-01, 6.85856640E-01
1.70654297E-01, 6.80361092E-01
1.70898438E-01, 6.74762785E-01
1.71142578E-01, 6.68789625E-01
1.71386719E-01, 6.63244903E-01
1.71630859E-01, 6.56565130E-01
1.71875000E-01, 6.50453568E-01
1.72119141E-01, 6.43384516E-01
1.72363281E-01, 6.36573255E-01
1.72607422E-01, 6.28928661E-01
1.72851562E-01, 6.21686757E-01
1.73095703E-01, 6.13628626E-01
1.73339844E-01, 6.06936514E-01
1.73583984E-01, 5.98605752E-01
1.73828125E-01, 5.90336859E-01
1.74072266E-01, 5.81340432E-01
1.74316406E-01, 5.72570980E-01
1.74560547E-01, 5.63160360E-01
1.74804688E-01, 5.54632246E-01
1.75048828E-01, 5.46022475E-01
1.75292969E-01, 5.36631405E-01
1.75537109E-01, 5.27611017E-01
1.75781250E-01, 5.17565250E-01
1.76025391E-01, 5.07987916E-01
1.76269531E-01, 4.98038799E-01
1.76513672E-01, 4.88900036E-01
1.76757812E-01, 4.77896839E-01
1.77001953E-01, 4.68693644E-01
1.77246094E-01, 4.58176404E-01
1.77490234E-01, 4.48180109E-01
1.77734375E-01, 4.37011063E-01
1.77978516E-01, 4.27473158E-01
1.78222656E-01, 4.16428953E-01
1.78466797E-01, 4.05984432E-01
1.78710938E-01, 3.94799709E-01
1.78955078E-01, 3.84331554E-01
1.79199219E-01, 3.72744977E-01
1.79443359E-01, 3.61709446E-01
1.79687500E-01, 3.50062788E-01
1.79931641E-01, 3.38557512E-01
1.80175781E-01, 3.26790154E-01
1.80419922E-01, 3.14355910E-01
1.80664062E-01, 3.02124918E-01
1.80908203E-01, 2.89424300E-01
1.81152344E-01, 2.77871013E-01
1.81396484E-01, 2.64094532E-01
1.81640625E-01, 2.51897782E-01
1.81884766E-01, 2.38331974E-01
1.82128906E-01, 2.25762725E-01
1.82373047E-01, 2.11422846E-01
1.82617188E-01, 2.00460657E-01
1.82861328E-01, 1.87106654E-01
1.83105469E-01, 1.73558027E-01
1.83349609E-01, 1.59487680E-01
1.83593750E-01, 1.47169858E-01
1.83837891E-01, 1.33148566E-01
1.84082031E-01, 1.19928032E-01
1.84326172E-01, 1.05715498E-01
1.84570312E-01, 9.28093046E-02
1.84814453E-01, 7.86306560E-02
1.85058594E-01, 6.38371557E-02
1.85302734E-01, 5.06215245E-02
1.85546875E-01, 3.67092565E-02
1.85791016E-01, 2.40277927E-02
1.86035156E-01, 9.55750328E-03
1.86279297E-01, -3.11995251E-03
1.86523438E-01, -1.81666855E-02
1.86767578E-01, -3.22141014E-02
1.87011719E-01, -4.66038994E-02
1.87255859E-01, -5.99754266E-02
1.87500000E-01, -7.46254325E-02
1.87744141E-01, -8.75356048E-02
1.87988281E-01, -1.02189980E-01
1.88232422E-01, -1.13936692E-01
1.88476562E-01, -1.29367501E-01
1.88720703E-01, -1.42805785E-01
1.88964844E-01, -1.56218871E-01
1.89208984E-01, -1.68832287E-01
1.89453125E-01, -1.82541698E-01
1.89697266E-01, -1.97158724E-01
1.89941406E-01, -2.10911185E-01
1.90185547E-01, -2.24218443E-01
1.90429688E-01, -2.36981273E-01
1.90673828E-01, -2.51268387E-01
1.90917969E-01, -2.63416171E-01
1.91162109E-01, -2.77254999E-01
1.91406250E-01, -2.89493561E-01
1.91650391E-01, -3.02395195E-01
1.91894531E-01, -3.13688695E-01
1.92138672E-01, -3.26542258E-01
1.92382812E-01, -3.38870198E-01
1.92626953E-01, -3.51978868E-01
1.92871094E-01, -3.62531483E-01
1.93115234E-01, -3.75512958E-01
1.93359375E-01, -3.85721087E-01
1.93603516E-01, -3.97207737E-01
1.93847656E-01, -4.08033639E-01
1.94091797E-01, -4.19140607E-01
1.94335938E-01, -4.29820597E-01
1.94580078E-01, -4.39434052E-01
1.94824219E-01, -4.50276285E-01
1.95068359E-01, -4.61090803E-01
1.95312500E-01, -4.71916974E-01
1.95556641E-01, -4.82404709E-01
1.95800781E-01, -4.92598146E-01
1.96044922E-01, -5.02215385E-01
1.96289062E-01, -5.12907267E-01
1.96533203E-01, -5.21950841E-01
1.96777344E-01, -5.32009244E-01
1.97021484E-01, -5.40582120E-01
1.97265625E-01, -5.50926089E-01
1.97509766E-01, -5.60216308E-01
1.97753906E-01, -5.70271552E-01
1.97998047E-01, -5.78609228E-01
1.98242188E-01, -5.88460386E-01
1.98486328E-01, -5.96740782E-01
1.98730469E-01, -6.06023073E-01
1.98974609E-01, -6.13894820E-01
1.99218750E-01, -6.21864915E-01
1.99462891E-01, -6.29623413E-01
1.99707031E-01, -6.36860371E-01
1.99951172E-01, -6.45028889E-01
2.00195312E-01, -6.51944697E-01
2.00439453E-01, -6.59375012E-01
2.00683594E-01, -6.66251361E-01
2.00927734E-01, -6.72503412E-01
2.01171875E-01, -6.78075135E-01
2.01416016E-01, -6.84879124E-01
2.01660156E-01, -6.90566480E-01
2.01904297E-01, -6.96354568E-01
2.02148438E-01, -7.01363564E-01
2.02392578E-01, -7.07100451E-01
2.02636719E-01, -7.11405516E-01
2.02880859E-01, -7.16359794E-01
2.03125000E-01, -7.20568001E-01
2.03369141E-01, -7.25176156E-01
2.03613281E-01, -7.29176342E-01
2.03857422E-01, -7.32909441E-01
2.04101562E-01, -7.35671461E-01
2.04345703E-01, -7.38726318E-01
2.04589844E-01, -7.41738141E-01
2.04833984E-01, -7.44207323E-01
2.05078125E-01, -7.46839046E-01
2.05322266E-01, -7.48746991E-01
2.05566406E-01, -7.51085997E-01
2.05810547E-01, -7.52445400E-01
2.06054688E-01, -7.53804982E-01
2.06298828E-01, -7.54689455E-01
2.06542969E-01, -7.55418897E-01
2.06787109E-01, -7.55620241E-01
2.07031250E-01, -7.56036580E-01
2.07275391E-01, -7.55837321E-01
2.07519531E-01, -7.55728006E-01
2.07763672E-01, -7.55280077E-01
2.08007812E-01, -7.54655063E-01
2.08251953E-01, -7.54292727E-01
2.08496094E-01, -7.53370941E-01
2.08740234E-01, -7.52610981E-01
2.08984375E-01, -7.51414657E-01
2.09228516E-01, -7.50028253E-01
2.09472656E-01, -7.48574376E-01
2.09716797E-01, -7.46920347E-01
2.09960938E-01, -7.44504750E-01
2.10205078E-01, -7.41682470E-01
2.10449219E-01, -7.38775313E-01
2.10693359E-01, -7.36562371E-01
2.10937500E-01, -7.33444452E-01
2.11181641E-01, -7.30172634E-01
2.11425781E-01, -7.26418674E-01
2.11669922E-01, -7.21897483E-01
2.11914062E-01, -7.17115223E-01
2.12158203E-01, -7.12440550E-01
2.12402344E-01, -7.07686961E-01
2.12646484E-01, -7.02616513E-01
2.12890625E-01, -6.97031677E-01
2.13134766E-01, -6.90686524E-01
2.13378906E-01, -6.87799811E-01
2.13623047E-01, -6.82909191E-01
2.13867188E-01, -6.75500751E-01
2.14111328E-01, -6.69417977E-01
2.14355469E-01, -6.63252473E-01
2.14599609E-01, -6.55898988E-01
2.14843750E-01, -6.49928510E-01
2.15087891E-01, -6.41341150E-01
2.15332031E-01, -6.34537399E-01
2.15576172E-01, -6.26673460E-01
2.15820312E-01, -6.18952572E-01
2.16064453E-01, -6.11695826E-01
2.16308594E-01, -6.04057789E-01
2.16552734E-01, -5.96131980E-01
2.16796875E-01, -5.86758018E-01
2.17041016E-01, -5.78578115E-01
2.17285156E-01, -5.68985164E-01
2.17529297E-01, -5.59293807E-01
2.17773438E-01, -5.49960673E-01
2.18017578E-01, -5.41645885E-01
2.18261719E-01, -5.32272100E-01
2.18505859E-01, -5.23733437E-01
2.18750000E-01, -5.12789011E-01
2.18994141E-01, -5.02667010E-01
2.19238281E-01, -4.92039919E-01
2.19482422E-01, -4.82389033E-01
2.19726562E-01, -4.72146600E-01
2.19970703E-01, -4.62604284E-01
2.20214844E-01, -4.51254934E-01
2.20458984E-01, -4.40703452E-01
2.20703125E-01, -4.28719163E-01
2.20947266E-01, -4.17482108E-01
2.21191406E-01, -4.06897604E-01
2.21435547E-01, -3.95751923E-01
2.21679688E-01, -3.83694977E-01
2.21923828E-01, -3.71478170E-01
2.22167969E-01, -3.59722465E-01
2.22412109E-01, -3.47112536E-01
2.22656250E-01, -3.34590167E-01
2.22900391E-01, -3.20581824E-01
2.23144531E-01, -3.08142424E-01
2.23388672E-01, -2.95536429E-01
2.23632812E-01, -2.83734471E-01
2.23876953E-01, -2.68404931E-01
2.24121094E-01, -2.55259186E-01
2.24365234E-01, -2.41822273E-01
2.24609375E-01, -2.29035780E-01
2.24853516E-01, -2.15634972E-01
2.25097656E-01, -2.03935906E-01
2.25341797E-01, -1.88625753E-01
2.25585938E-01, -1.75178126E-01
2.25830078E-01, -1.60359159E-01
2.26074219E-01, -1.46768391E-01
2.26318359E-01, -1.33107498E-01
2.26562500E-01, -1.18040882E-01
2.26806641E-01, -1.04295060E-01
2.27050781E-01, -9.14766267E-02
2.27294922E-01, -7.78437704E-02
2.27539062E-01, -6.26628622E-02
2.27783203E-01, -4.91134115E-02
2.28027344E-01, -3.62392850E-02
2.28271484E-01, -2.37873718E-02
2.28515625E-01, -9.06317588E-03
2.28759766E-01, 4.32459591E-03
2.29003906E-01, 1.89530049E-02
2.29248047E-01, 3.19524072E-02
2.29492188E-01, 4.66415845E-02
2.29736328E-01, 5.93580082E-02
2.29980469E-01, 7.39450604E-02
2.30224609E-01, 8.62278119E-02
2.30468750E-01, 9.98775288E-02
2.30712891E-01, 1.12045556E-01
2.30957031E-01, 1.25574633E-01
2.31201172E-01, 1.38624996E-01
2.31445312E-01, 1.51929215E-01
2.31689453E-01, 1.64700627E-01
2.31933594E-01, 1.77491128E-01
2.32177734E-01, 1.90711096E-01
2.32421875E-01, 2.03694001E-01
2.32666016E-01, 2.16163561E-01
2.32910156E-01, 2.28499129E-01
2.33154297E-01, 2.41925895E-01
2.33398438E-01, 2.54228562E-01
2.33642578E-01, 2.67226875E-01
2.33886719E-01, 2.79239178E-01
2.34130859E-01, 2.92591274E-01
2.34375000E-01, 3.04780215E-01
2.34619141E-01, 3.17291886E-01
2.34863281E-01, 3.28435779E-01
2.35107422E-01, 3.41567397E-01
2.35351562E-01, 3.52102607E-01
2.35595703E-01, 3.64637703E-01
2.35839844E-01, 3.75940144E-01
2.36083984E-01, 3.88313651E-01
2.36328125E-01, 3.99574131E-01
2.36572266E-01, 4.11587566E-01
2.36816406E-01, 4.22776639E-01
2.37060547E-01, 4.34614509E-01
2.37304688E-01, 4.45790946E-01
2.37548828E-01, 4.56537187E-01
2.37792969E-01, 4.67123806E-01
2.38037109E-01, 4.77469414E-01
2.38281250E-01, 4.88131672E-01
2.38525391E-01, 4.98150468E-01
2.38769531E-01, 5.08756578E-01
2.39013672E-01, 5.18011570E-01
2.39257812E-01, 5.28242350E-01
2.39501953E-01, 5.37577748E-01
2.39746094E-01, 5.48131704E-01
2.39990234E-01, 5.56711435E-01
2.40234375E-01, 5.66112161E-01
2.40478516E-01, 5.74303031E-01
2.40722656E-01, 5.83675861E-01
2.40966797E-01, 5.91651738E-01
2.41210938E-01, 6.00207269E-01
2.41455078E-01, 6.07525229E-01
2.41699219E-01, 6.15932584E-01
2.41943359E-01, 6.24020278E-01
2.42187500E-01, 6.31537795E-01
2.42431641E-01, 6.38693392E-01
2.42675781E-01, 6.46122277E-01
2.42919922E-01, 6.52880013E-01
2.43164062E-01, 6.59555376E-01
2.43408203E-01, 6.66230559E-01
2.43652344E-01, 6.72154784E-01
2.43896484E-01, 6.78385854E-01
2.44140625E-01, 6.84004605E-01
2.44384766E-01, 6.90312445E-01
2.44628906E-01, 6.95398331E-01
2.44873047E-01, 7.01218724E-01
2.45117188E-01, 7.06252635E-01
2.45361328E-01, 7.11273372E-01
2.45605469E-01, 7.15106010E-01
2.45849609E-01, 7.19722867E-01
2.46093750E-01, 7.23379135E-01
2.46337891E-01, 7.27473915E-01
2.46582031E-01, 7.30719328E-01
2.46826172E-01, 7.34015346E-01
2.47070312E-01, 7.37134039E-01
2.47314453E-01, 7.40000010E-01
2.47558594E-01, 7.42902875E-01
2.47802734E-01, 7.45462775E-01
2.48046875E-01, 7.47207284E-01
2.48291016E-01, 7.48843312E-01
2.48535156E-01, 7.50569344E-01
2.48779297E-01, 7.51593590E-01
2.49023438E-01, 7.53264010E-01
2.49267578E-01, 7.54034102E-01
2.49511719E-01, 7.54714966E-01
2.49755859E-01, 7.54920363E-01
2.50000000E-01, 7.55280614E-01
2.50244141E-01, 7.55128860E-01
2.50488281E-01, 7.54878342E-01
2.50732422E-01, 7.54471302E-01
2.50976562E-01, 7.53746450E-01
2.51220703E-01, 7.52758205E-01
2.51464844E-01, 7.51750886E-01
2.51708984E-01, 7.50809729E-01
2.51953125E-01, 7.49309719E-01
2.52197266E-01, 7.47466385E-01
2.52441406E-01, 7.45077014E-01
2.52685547E-01, 7.42651582E-01
2.52929688E-01, 7.39927590E-01
2.53173828E-01, 7.37620771E-01
2.53417969E-01, 7.34585285E-01
2.53662109E-01, 7.31643200E-01
2.53906250E-01, 7.27952898E-01
2.54150391E-01, 7.24215806E-01
2.54394531E-01, 7.20179677E-01
2.54638672E-01, 7.16047764E-01
2.54882812E-01, 7.11611927E-01
2.55126953E-01, 7.06956923E-01
2.55371094E-01, 7.02275515E-01
2.55615234E-01, 6.96917415E-01
2.55859375E-01, 6.91931546E-01
2.56103516E-01, 6.86025739E-01
2.56347656E-01, 6.80639565E-01
2.56591797E-01, 6.74021125E-01
2.56835938E-01, 6.68041170E-01
2.57080078E-01, 6.61142826E-01
2.57324219E-01, 6.54477298E-01
2.57568359E-01, 6.47186697E-01
2.57812500E-01, 6.40293479E-01
2.58056641E-01, 6.32290840E-01
2.58300781E-01, 6.25016987E-01
2.58544922E-01, 6.16792500E-01
2.58789062E-01, 6.08449876E-01
2.59033203E-01, 5.99759996E-01
2.59277344E-01, 5.91346622E-01
2.59521484E-01, 5.82266748E-01
2.59765625E-01, 5.72899878E-01
2.60009766E-01, 5.64363360E-01
2.60253906E-01, 5.54615319E-01
2.60498047E-01, 5.45900643E-01
2.60742188E-01, 5.36000490E-01
2.60986328E-01, 5.26479006E-01
2.61230469E-01, 5.15584886E-01
2.61474609E-01, 5.06635368E-01
2.61718750E-01, 4.96603280E-01
2.61962891E-01, 4.86645073E-01
2.62207031E-01, 4.75181192E-01
2.62451172E-01, 4.65728641E-01
2.62695312E-01, 4.55225915E-01
2.62939453E-01, 4.45030123E-01
2.63183594E-01, 4.33582097E-01
2.63427734E-01, 4.23206747E-01
2.63671875E-01, 4.12382007E-01
2.63916016E-01, 4.01774645E-01
2.64160156E-01, 3.91045898E-01
2.64404297E-01, 3.79548401E-01
2.64648438E-01, 3.67971033E-01
2.64892578E-01, 3.55953038E-01
2.65136719E-01, 3.44322413E-01
2.65380859E-01, 3.31942171E-01
2.65625000E-01, 3.20404619E-01
2.65869141E-01, 3.07117224E-01
2.66113281E-01, 2.95385450E-01
2.66357422E-01, 2.81701565E-01
2.66601562E-01, 2.69645482E-01
2.66845703E-01, 2.55650342E-01
2.67089844E-01, 2.44018331E-01
2.67333984E-01, 2.30084836E-01
2.67578125E-01, 2.17232570E-01
2.67822266E-01, 2.03638226E-01
2.68066406E-01, 1.90562695E-01
2.68310547E-01, 1.77212596E-01
2.68554688E-01, 1.64524481E-01
2.68798828E-01, 1.50959134E-01
2.69042969E-01, 1.37844011E-01
2.69287109E-01, 1.23800248E-01
2.69531250E-01, 1.10071078E-01
2.69775391E-01, 9.65405628E-02
2.70019531E-01, 8.17165747E-02
2.70263672E-01, 6.88637048E-02
2.70507812E-01, 5.43323904E-02
2.70751953E-01, 4.20210809E-02
2.70996094E-01, 2.70069335E-02
2.71240234E-01, 1.37930596E-02
2.71484375E-01, -2.76297855E-04
2.71728516E-01, -1.28224976E-02
2.71972656E-01, -2.78247409E-02
2.72216797E-01, -4.22023758E-02
2.72460938E-01, -5.65411001E-02
2.72705078E-01, -6.91977069E-02
2.72949219E-01, -8.42518434E-02
2.73193359E-01, -9.69713181E-02
2.73437500E-01, -1.11326419E-01
2.73681641E-01, -1.24480627E-01
2.73925781E-01, -1.37953788E-01
2.74169922E-01, -1.51867479E-01
2.74414062E-01, -1.65007740E-01
2.74658203E-01, -1.79772839E-01
2.74902344E-01, -1.93038180E-01
2.75146484E-01, -2.06849501E-01
2.75390625E-01, -2.19635293E-01
2.75634766E-01, -2.33989730E-01
2.75878906E-01, -2.46425062E-01
2.76123047E-01, -2.60626405E-01
2.76367188E-01, -2.71466196E-01
2.76611328E-01, -2.84490705E-01
2.76855469E-01, -2.96933413E-01
2.77099609E-01, -3.09755117E-01
2.77343750E-01, -3.21771502E-01
2.77587891E-01, -3.35091412E-01
2.77832031E-01, -3.46373439E-01
2.78076172E-01, -3.59284937E-01
2.78320312E-01, -3.70185196E-01
2.78564453E-01, -3.81355911E-01
2.78808594E-01, -3.92885178E-01
2.79052734E-01, -4.03835356E-01
2.79296875E-01, -4.14824963E-01
2.79541016E-01, -4.24650103E-01
2.79785156E-01, -4.35884625E-01
2.80029297E-01, -4.46284771E-01
2.80273438E-01, -4.57295299E-01
2.80517578E-01, -4.67634082E-01
2.80761719E-01, -4.78332788E-01
2.81005859E-01, -4.87458020E-01
2.81250000E-01, -4.97882724E-01
2.81494141E-01, -5.06924450E-01
2.81738281E-01, -5.17545938E-01
2.81982422E-01, -5.26647866E-01
2.82226562E-01, -5.36880612E-01
2.82470703E-01, -5.45745373E-01
2.82714844E-01, -5.55901110E-01
2.82958984E-01, -5.65236270E-01
2.83203125E-01, -5.75081646E-01
2.83447266E-01, -5.83367944E-01
2.83691406E-01, -5.92161238E-01
2.83935547E-01, -6.00899577E-01
2.84179688E-01, -6.08908534E-01
2.84423828E-01, -6.17135584E-01
2.84667969E-01, -6.24260843E-01
2.84912109E-01, -6.32121861E-01
2.85156250E-01, -6.38930917E-01
2.85400391E-01, -6.47026122E-01
2.85644531E-01, -6.53752565E-01
2.85888672E-01, -6.60546362E-01
2.86132812E-01, -6.66990697E-01
2.86376953E-01, -6.73339009E-01
2.86621094E-01, -6.78115964E-01
2.86865234E-01, -6.84502423E-01
2.87109375E-01, -6.89749777E-01
2.87353516E-01, -6.95450366E-01
2.87597656E-01, -7.00393915E-01
2.87841797E-01, -7.05140293E-01
2.88085938E-01, -7.09418952E-01
2.88330078E-01, -7.14042068E-01
2.88574219E-01, -7.17824996E-01
2.88818359E-01, -7.21644759E-01
2.89062500E-01, -7.25788653E-01
2.89306641E-01, -7.29065657E-01
2.89550781E-01, -7.32228875E-01
2.89794922E-01, -7.34895647E-01
2.90039062E-01, -7.37653017E-01
2.90283203E-01, -7.39778697E-01
2.90527344E-01, -7.42628992E-01
2.90771484E-01, -7.44479120E-01
2.91015625E-01, -7.45807648E-01
2.91259766E-01, -7.46758223E-01
2.91503906E-01, -7.48243153E-01
2.91748047E-01, -7.48974085E-01
2.91992188E-01, -7.49251962E-01
2.92236328E-01, -7.48928487E-01
2.92480469E-01, -7.49165297E-01
2.92724609E-01, -7.49042571E-01
2.92968750E-01, -7.48338521E-01
2.93212891E-01, -7.48008072E-01
2.93457031E-01, -7.47133493E-01
2.93701172E-01, -7.46548176E-01
2.93945312E-01, -7.45338678E-01
2.94189453E-01, -7.44135976E-01
2.94433594E-01, -7.42547989E-01
2.94677734E-01, -7.40719736E-01
2.94921875E-01, -7.38754332E-01
2.95166016E-01, -7.36273527E-01
2.95410156E-01, -7.33542979E-01
2.95654297E-01, -7.31206357E-01
2.95898438E-01, -7.28195250E-01
2.96142578E-01, -7.25051463E-01
2.96386719E-01, -7.21397519E-01
2.96630859E-01, -7.17288852E-01
2.96875000E-01, -7.13106632E-01
2.97119141E-01, -7.08026171E-01
2.97363281E-01, -7.03237414E-01
2.97607422E-01, -6.98318303E-01
2.97851562E-01, -6.93340421E-01
2.98095703E-01, -6.87835634E-01
2.98339844E-01, -6.83742821E-01
2.98583984E-01, -6.77184045E-01
2.98828125E-01, -6.71190143E-01
2.99072266E-01, -6.64814174E-01
2.99316406E-01, -6.58275127E-01
2.99560547E-01, -6.51784122E-01
2.99804688E-01, -6.45574868E-01
3.00048828E-01, -6.38235450E-01
3.00292969E-01, -6.30634546E-01
3.00537109E-01, -6.23097062E-01
3.00781250E-01, -6.15300894E-01
3.01025391E-01, -6.08037293E-01
3.01269531E-01, -6.00774944E-01
3.01513672E-01, -5.93186557E-01
3.01757812E-01, -5.84106922E-01
3.02001953E-01, -5.76168299E-01
3.02246094E-01, -5.66885412E-01
3.02490234E-01, -5.57646990E-01
3.02734375E-01, -5.48287511E-01
3.02978516E-01, -5.40257037E-01
3.03222656E-01, -5.30641794E-01
3.03466797E-01, -5.21886647E-01
3.03710938E-01, -5.11345148E-01
3.03955078E-01, -5.01369476E-01
3.04199219E-01, -4.90624160E-01
3.04443359E-01, -4.80808556E-01
3.04687500E-01, -4.70822126E-01
3.04931641E-01, -4.61250156E-01
3.05175781E-01, -4.50381786E-01
3.05419922E-01, -4.39895123E-01
3.05664062E-01, -4.28288281E-01
3.05908203E-01, -4.16406959E-01
3.06152344E-01, -4.05977786E-01
3.06396484E-01, -3.94598901E-01
3.06640625E-01, -3.83042932E-01
3.06884766E-01, -3.70838076E-01
3.07128906E-01, -3.59278202E-01
3.07373047E-01, -3.46691728E-01
3.07617188E-01, -3.34601104E-01
3.07861328E-01, -3.20482045E-01
3.08105469E-01, -3.08463663E-01
3.08349609E-01, -2.95608729E-01
3.08593750E-01, -2.83683777E-01
3.08837891E-01, -2.68607318E-01
3.09082031E-01, -2.55579323E-01
3.09326172E-01, -2.42007658E-01
3.09570312E-01, -2.28386775E-01
3.09814453E-01, -2.14543313E-01
3.10058594E-01, -2.03321427E-01
3.10302734E-01, -1.89081699E-01
3.10546875E-01, -1.75223500E-01
3.10791016E-01, -1.61082834E-01
3.11035156E-01, -1.47204235E-01
3.11279297E-01, -1.34336740E-01
3.11523438E-01, -1.18985675E-01
3.11767578E-01, -1.05066560E-01
3.12011719E-01, -9.20579284E-02
3.12255859E-01, -7.92143568E-02
3.12500000E-01, -6.38149902E-02
3.12744141E-01, -5.05136847E-02
3.12988281E-01, -3.71066555E-02
3.13232422E-01, -2.44789626E-02
3.13476562E-01, -1.00424429E-02
3.13720703E-01, 2.96313176E-03
3.13964844E-01, 1.77102014E-02
3.14208984E-01, 3.07552516E-02
3.14453125E-01, 4.53689992E-02
3.14697266E-01, 5.80959693E-02
3.14941406E-01, 7.24298805E-02
3.15185547E-01, 8.46216157E-02
3.15429688E-01, 9.80032310E-02
3.15673828E-01, 1.10744253E-01
3.15917969E-01, 1.23843499E-01
3.16162109E-01, 1.37485787E-01
3.16406250E-01, 1.50389895E-01
3.16650391E-01, 1.63268954E-01
3.16894531E-01, 1.75567478E-01
3.17138672E-01, 1.89046323E-01
3.17382812E-01, 2.01942667E-01
3.17626953E-01, 2.14967102E-01
3.17871094E-01, 2.26709530E-01
3.18115234E-01, 2.39850029E-01
3.18359375E-01, 2.52014875E-01
3.18603516E-01, 2.65387774E-01
3.18847656E-01, 2.77607143E-01
3.19091797E-01, 2.90782601E-01
3.19335938E-01, 3.02612215E-01
3.19580078E-01, 3.15541863E-01
3.19824219E-01, 3.26391995E-01
3.20068359E-01, 3.39422613E-01
3.20312500E-01, 3.50310922E-01
3.20556641E-01, 3.62726003E-01
3.20800781E-01, 3.74344677E-01
3.21044922E-01, 3.85874927E-01
3.21289062E-01, 3.97323400E-01
3.21533203E-01, 4.08946246E-01
3.21777344E-01, 4.20398146E-01
3.22021484E-01, 4.32000667E-01
3.22265625E-01, 4.43439960E-01
3.22509766E-01, 4.54081833E-01
3.22753906E-01, 4.64939952E-01
3.22998047E-01, 4.74878460E-01
3.23242188E-01, 4.85871643E-01
3.23486328E-01, 4.95362669E-01
3.23730469E-01, 5.06018877E-01
3.23974609E-01, 5.15257716E-01
3.24218750E-01, 5.25898397E-01
3.24462891E-01, 5.35571635E-01
3.24707031E-01, 5.46040237E-01
3.24951172E-01, 5.54665923E-01
3.25195312E-01, 5.64068973E-01
3.25439453E-01, 5.72282076E-01
3.25683594E-01, 5.81451952E-01
3.25927734E-01, 5.89253724E-01
3.26171875E-01, 5.97632766E-01
3.26416016E-01, 6.05398476E-01
3.26660156E-01, 6.13244057E-01
3.26904297E-01, 6.21585846E-01
3.27148438E-01, 6.29260778E-01
3.27392578E-01, 6.36602044E-01
3.27636719E-01, 6.43713117E-01
3.27880859E-01, 6.50721133E-01
3.28125000E-01, 6.57251060E-01
3.28369141E-01, 6.64183021E-01
3.28613281E-01, 6.70095980E-01
3.28857422E-01, 6.76553130E-01
3.29101562E-01, 6.81875348E-01
3.29345703E-01, 6.88152552E-01
3.29589844E-01, 6.93273783E-01
3.29833984E-01, 6.99148893E-01
3.30078125E-01, 7.04197943E-01
3.30322266E-01, 7.09176421E-01
3.30566406E-01, 7.13211358E-01
3.30810547E-01, 7.17698932E-01
3.31054688E-01, 7.21056938E-01
3.31298828E-01, 7.25160658E-01
3.31542969E-01, 7.29116797E-01
3.31787109E-01, 7.32132435E-01
3.32031250E-01, 7.35003710E-01
3.32275391E-01, 7.37815559E-01
3.32519531E-01, 7.40639448E-01
3.32763672E-01, 7.42746830E-01
3.33007812E-01, 7.44708657E-01
3.33251953E-01, 7.46290624E-01
3.33496094E-01, 7.48502791E-01
3.33740234E-01, 7.50025511E-01
3.33984375E-01, 7.51383245E-01
3.34228516E-01, 7.52101719E-01
3.34472656E-01, 7.52959251E-01
3.34716797E-01, 7.53234148E-01
3.34960938E-01, 7.53629208E-01
3.35205078E-01, 7.53493249E-01
3.35449219E-01, 7.53282428E-01
3.35693359E-01, 7.52933145E-01
3.35937500E-01, 7.52160490E-01
3.36181641E-01, 7.51299918E-01
3.36425781E-01, 7.50079632E-01
3.36669922E-01, 7.48903334E-01
3.36914062E-01, 7.47259974E-01
3.37158203E-01, 7.45666325E-01
3.37402344E-01, 7.43468583E-01
3.37646484E-01, 7.41432250E-01
3.37890625E-01, 7.38980532E-01
3.38134766E-01, 7.36530066E-01
3.38378906E-01, 7.33426690E-01
3.38623047E-01, 7.30120063E-01
3.38867188E-01, 7.26537168E-01
3.39111328E-01, 7.22886801E-01
3.39355469E-01, 7.18916953E-01
3.39599609E-01, 7.14713871E-01
3.39843750E-01, 7.10805178E-01
3.40087891E-01, 7.06082225E-01
3.40332031E-01, 7.01445699E-01
3.40576172E-01, 6.96110368E-01
3.40820312E-01, 6.91085517E-01
3.41064453E-01, 6.85108244E-01
3.41308594E-01, 6.79463267E-01
3.41552734E-01, 6.72933757E-01
3.41796875E-01, 6.67110324E-01
3.42041016E-01, 6.59987509E-01
3.42285156E-01, 6.53115392E-01
3.42529297E-01, 6.45703554E-01
3.42773438E-01, 6.38547778E-01
3.43017578E-01, 6.30644143E-01
3.43261719E-01, 6.23180091E-01
3.43505859E-01, 6.15186810E-01
3.43750000E-01, 6.06664538E-01
3.43994141E-01, 5.98518491E-01
3.44238281E-01, 5.89973450E-01
3.44482422E-01, 5.81575871E-01
3.44726562E-01, 5.71962297E-01
3.44970703E-01, 5.63411951E-01
3.45214844E-01, 5.53511143E-01
3.45458984E-01, 5.44917047E-01
3.45703125E-01, 5.34893870E-01
3.45947266E-01, 5.25519073E-01
3.46191406E-01, 5.15254140E-01
3.46435547E-01, 5.05867720E-01
3.46679688E-01, 4.95249182E-01
3.46923828E-01, 4.85762626E-01
3.47167969E-01, 4.74654675E-01
3.47412109E-01, 4.64626759E-01
3.47656250E-01, 4.54315305E-01
3.47900391E-01, 4.43630219E-01
3.48144531E-01, 4.32281047E-01
3.48388672E-01, 4.21505630E-01
3.48632812E-01, 4.10739034E-01
3.48876953E-01, 3.99891704E-01
3.49121094E-01, 3.89393836E-01
3.49365234E-01, 3.77312064E-01
3.49609375E-01, 3.65969330E-01
3.49853516E-01, 3.53890747E-01
3.50097656E-01, 3.42837244E-01
3.50341797E-01, 3.29818636E-01
3.50585938E-01, 3.18223625E-01
3.50830078E-01, 3.05226296E-01
3.51074219E-01, 2.93882728E-01
3.51318359E-01, 2.80198246E-01
3.51562500E-01, 2.68079132E-01
3.51806641E-01, 2.54242271E-01
3.52050781E-01, 2.41941929E-01
3.52294922E-01, 2.28138626E-01
3.52539062E-01, 2.15038985E-01
3.52783203E-01, 2.02008873E-01
3.53027344E-01, 1.88686132E-01
3.53271484E-01, 1.75473958E-01
3.53515625E-01, 1.62536591E-01
3.53759766E-01, 1.49194479E-01
3.54003906E-01, 1.35156885E-01
3.54248047E-01, 1.21331736E-01
3.54492188E-01, 1.07505947E-01
3.54736328E-01, 9.47991684E-02
3.54980469E-01, 7.93209225E-02
3.55224609E-01, 6.62682652E-02
3.55468750E-01, 5.13009615E-02
3.55712891E-01, 3.92481983E-02
3.55957031E-01, 2.44110562E-02
3.56201172E-01, 1.11014359E-02
3.56445312E-01, -3.33886500E-03
3.56689453E-01, -1.71829369E-02
3.56933594E-01, -3.18387337E-02
3.57177734E-01, -4.54835296E-02
3.57421875E-01, -5.98624647E-02
3.57666016E-01, -7.30536208E-02
3.57910156E-01, -8.77182186E-02
3.58154297E-01, -1.00979380E-01
3.58398438E-01, -1.14871584E-01
3.58642578E-01, -1.28863633E-01
3.58886719E-01, -1.41801476E-01
3.59130859E-01, -1.56152397E-01
3.59375000E-01, -1.68994784E-01
3.59619141E-01, -1.84102580E-01
3.59863281E-01, -1.97189331E-01
3.60107422E-01, -2.11213171E-01
3.60351562E-01, -2.23699972E-01
3.60595703E-01, -2.38359019E-01
3.60839844E-01, -2.50352472E-01
3.61083984E-01, -2.64049053E-01
3.61328125E-01, -2.76483536E-01
3.61572266E-01, -2.90260077E-01
3.61816406E-01, -3.02344382E-01
3.62060547E-01, -3.14594626E-01
3.62304688E-01, -3.26575220E-01
3.62548828E-01, -3.39843214E-01
3.62792969E-01, -3.51253122E-01
3.63037109E-01, -3.63688320E-01
3.63281250E-01, -3.75671774E-01
3.63525391E-01, -3.86472553E-01
3.63769531E-01, -3.98046672E-01
3.64013672E-01, -4.08449024E-01
3.64257812E-01, -4.20500994E-01
3.64501953E-01, -4.30303335E-01
3.64746094E-01, -4.41497892E-01
3.64990234E-01, -4.51919228E-01
3.65234375E-01, -4.62875992E-01
3.65478516E-01, -4.73321795E-01
3.65722656E-01, -4.84513074E-01
3.65966797E-01, -4.94478673E-01
3.66210938E-01, -5.05186617E-01
3.66455078E-01, -5.13858438E-01
3.66699219E-01, -5.24740100E-01
3.66943359E-01, -5.33797204E-01
3.67187500E-01, -5.43666303E-01
3.67431641E-01, -5.52890182E-01
3.67675781E-01, -5.62661469E-01
3.67919922E-01, -5.71909070E-01
3.68164062E-01, -5.81307828E-01
3.68408203E-01, -5.90532660E-01
3.68652344E-01, -5.99264026E-01
3.68896484E-01, -6.08272493E-01
3.69140625E-01, -6.16035521E-01
3.69384766E-01, -6.24381661E-01
3.69628906E-01, -6.31420612E-01
3.69873047E-01, -6.40016079E-01
3.70117188E-01, -6.47182941E-01
3.70361328E-01, -6.54791176E-01
3.70605469E-01, -6.61066115E-01
3.70849609E-01, -6.68238103E-01
3.71093750E-01, -6.74675643E-01
3.71337891E-01, -6.81400895E-01
3.71582031E-01, -6.86782658E-01
3.71826172E-01, -6.92795575E-01
3.72070312E-01, -6.98400021E-01
3.72314453E-01, -7.04078674E-01
3.72558594E-01, -7.09145486E-01
3.72802734E-01, -7.14142561E-01
3.73046875E-01, -7.18719602E-01
3.73291016E-01, -7.23322213E-01
3.73535156E-01, -7.27913022E-01
3.73779297E-01, -7.31833220E-01
3.74023438E-01, -7.34912932E-01
3.74267578E-01, -7.37682343E-01
3.74511719E-01, -7.41815865E-01
3.74755859E-01, -7.44342744E-01
3.75000000E-01, -7.46828854E-01
3.75244141E-01, -7.48879731E-01
3.75488281E-01, -7.51586139E-01
3.75732422E-01, -7.53391504E-01
3.75976562E-01, -7.55057931E-01
3.76220703E-01, -7.56240606E-01
3.76464844E-01, -7.57435739E-01
3.76708984E-01, -7.58009493E-01
3.76953125E-01, -7.58475840E-01
3.77197266E-01, -7.58779347E-01
3.77441406E-01, -7.58738160E-01
3.77685547E-01, -7.58762717E-01
3.77929688E-01, -7.58186638E-01
3.78173828E-01, -7.57654965E-01
3.78417969E-01, -7.56819665E-01
3.78662109E-01, -7.56494820E-01
3.78906250E-01, -7.55535543E-01
3.79150391E-01, -7.54197776E-01
3.79394531E-01, -7.52756476E-01
3.79638672E-01, -7.51046896E-01
3.79882812E-01, -7.49006391E-01
3.80126953E-01, -7.46671140E-01
3.80371094E-01, -7.44129956E-01
3.80615234E-01, -7.41946161E-01
3.80859375E-01, -7.39425838E-01
3.81103516E-01, -7.36463487E-01
3.81347656E-01, -7.33089685E-01
3.81591797E-01, -7.28819191E-01
3.81835938E-01, -7.24457622E-01
3.82080078E-01, -7.19745278E-01
3.82324219E-01, -7.15538681E-01
3.82568359E-01, -7.10627437E-01
3.82812500E-01, -7.06416368E-01
3.83056641E-01, -7.01079905E-01
3.83300781E-01, -6.95954800E-01
3.83544922E-01, -6.89967930E-01
3.83789062E-01, -6.85086668E-01
3.84033203E-01, -6.78977549E-01
3.84277344E-01, -6.71885252E-01
3.84521484E-01, -6.65361941E-01
3.84765625E-01, -6.58140063E-01
3.85009766E-01, -6.50736809E-01
3.85253906E-01, -6.43965364E-01
3.85498047E-01, -6.36723757E-01
3.85742188E-01, -6.29209220E-01
3.85986328E-01, -6.22767448E-01
3.86230469E-01, -6.13766313E-01
3.86474609E-01, -6.05922461E-01
3.86718750E-01, -5.98115861E-01
3.86962891E-01, -5.89981019E-01
3.87207031E-01, -5.80477297E-01
3.87451172E-01, -5.72179496E-01
3.87695312E-01, -5.62924623E-01
3.87939453E-01, -5.54360330E-01
3.88183594E-01, -5.44688642E-01
3.88427734E-01, -5.35977364E-01
3.88671875E-01, -5.26134491E-01
3.88916016E-01, -5.17001033E-01
3.89160156E-01, -5.06322265E-01
3.89404297E-01, -4.94898647E-01
3.89648438E-01, -4.85256433E-01
3.89892578E-01, -4.76169407E-01
3.90136719E-01, -4.65334386E-01
3.90380859E-01, -4.55122322E-01
3.90625000E-01, -4.44483936E-01
3.90869141E-01, -4.31346059E-01
3.91113281E-01, -4.20873374E-01
3.91357422E-01, -4.10297185E-01
3.91601562E-01, -3.99239600E-01
3.91845703E-01, -3.87092829E-01
3.92089844E-01, -3.75902355E-01
3.92333984E-01, -3.62270474E-01
3.92578125E-01, -3.50148708E-01
3.92822266E-01, -3.36333722E-01
3.93066406E-01, -3.23817044E-01
3.93310547E-01, -3.11234891E-01
3.93554688E-01, -3.00456911E-01
3.93798828E-01, -2.85834819E-01
3.94042969E-01, -2.71434665E-01
3.94287109E-01, -2.58115917E-01
3.94531250E-01, -2.45369717E-01
3.94775391E-01, -2.31543481E-01
3.95019531E-01, -2.18956888E-01
3.95263672E-01, -2.05192640E-01
3.95507812E-01, -1.91441059E-01
3.95751953E-01, -1.78111777E-01
3.95996094E-01, -1.63421169E-01
3.96240234E-01, -1.50378406E-01
3.96484375E-01, -1.35698467E-01
3.96728516E-01, -1.22696757E-01
3.96972656E-01, -1.07827768E-01
3.97216797E-01, -9.45210382E-02
3.97460938E-01, -8.06163624E-02
3.97705078E-01, -6.72878474E-02
3.97949219E-01, -5.23574725E-02
3.98193359E-01, -3.98528315E-02
3.98437500E-01, -2.55670175E-02
3.98681641E-01, -1.24820760E-02
3.98925781E-01, 1.55023008E-03
3.99169922E-01, 1.42665952E-02
3.99414062E-01, 2.91938689E-02
3.99658203E-01, 4.33638506E-02
3.99902344E-01, 5.75121045E-02
4.00146484E-01, 6.99269027E-02
4.00390625E-01, 8.31913650E-02
4.00634766E-01, 9.66405645E-02
4.00878906E-01, 1.09284274E-01
4.01123047E-01, 1.22823805E-01
4.01367188E-01, 1.34913594E-01
4.01611328E-01, 1.48579240E-01
4.01855469E-01, 1.61310852E-01
4.02099609E-01, 1.74603939E-01
4.02343750E-01, 1.86573327E-01
4.02587891E-01, 1.99738994E-01
4.02832031E-01, 2.11681321E-01
4.03076172E-01, 2.25101903E-01
4.03320312E-01, 2.36883640E-01
4.03564453E-01, 2.49840960E-01
4.03808594E-01, 2.62002200E-01
4.04052734E-01, 2.75522888E-01
4.04296875E-01, 2.87652642E-01
4.04541016E-01, 3.00489426E-01
4.04785156E-01, 3.11205387E-01
4.05029297E-01, 3.24357301E-01
4.05273438E-01, 3.36818218E-01
4.05517578E-01, 3.48697275E-01
4.05761719E-01, 3.60176772E-01
4.06005859E-01, 3.71983767E-01
4.06250000E-01, 3.83631527E-01
4.06494141E-01, 3.94938111E-01
4.06738281E-01, 4.07114416E-01
4.06982422E-01, 4.17956740E-01
4.07226562E-01, 4.29349124E-01
4.07470703E-01, 4.39802408E-01
4.07714844E-01, 4.51372176E-01
4.07958984E-01, 4.61306661E-01
4.08203125E-01, 4.72207904E-01
4.08447266E-01, 4.81828809E-01
4.08691406E-01, 4.92836654E-01
4.08935547E-01, 5.02347887E-01
4.09179688E-01, 5.12639701E-01
4.09423828E-01, 5.21415234E-01
4.09667969E-01, 5.31485617E-01
4.09912109E-01, 5.40443540E-01
4.10156250E-01, 5.50252795E-01
4.10400391E-01, 5.59094965E-01
4.10644531E-01, 5.67762911E-01
4.10888672E-01, 5.76513827E-01
4.11132812E-01, 5.85160434E-01
4.11376953E-01, 5.92812061E-01
4.11621094E-01, 6.00472808E-01
4.11865234E-01, 6.08718932E-01
4.12109375E-01, 6.16018891E-01
4.12353516E-01, 6.23823822E-01
4.12597656E-01, 6.30713761E-01
4.12841797E-01, 6.37971163E-01
4.13085938E-01, 6.44396245E-01
4.13330078E-01, 6.51750922E-01
4.13574219E-01, 6.57865167E-01
4.13818359E-01, 6.64420366E-01
4.14062500E-01, 6.69663787E-01
4.14306641E-01, 6.75702691E-01
4.14550781E-01, 6.80712283E-01
4.14794922E-01, 6.86646163E-01
4.15039062E-01, 6.91858590E-01
4.15283203E-01, 6.96995080E-01
4.15527344E-01, 7.01482117E-01
4.15771484E-01, 7.06110775E-01
4.16015625E-01, 7.10515678E-01
4.16259766E-01, 7.14399576E-01
4.16503906E-01, 7.17899740E-01
4.16748047E-01, 7.21330762E-01
4.16992188E-01, 7.24959135E-01
4.17236328E-01, 7.27743924E-01
4.17480469E-01, 7.30634511E-01
4.17724609E-01, 7.32888997E-01
4.17968750E-01, 7.35306740E-01
4.18212891E-01, 7.37059832E-01
4.18457031E-01, 7.39251077E-01
4.18701172E-01, 7.40494490E-01
4.18945312E-01, 7.41735995E-01
4.19189453E-01, 7.42522240E-01
4.19433594E-01, 7.43420064E-01
4.19677734E-01, 7.43871570E-01
4.19921875E-01, 7.44193316E-01
4.20166016E-01, 7.44301438E-01
4.20410156E-01, 7.44087458E-01
4.20654297E-01, 7.44048774E-01
4.20898438E-01, 7.43438482E-01
4.21142578E-01, 7.42578566E-01
4.21386719E-01, 7.41482735E-01
4.21630859E-01, 7.40568578E-01
4.21875000E-01, 7.39158511E-01
4.22119141E-01, 7.37368226E-01
4.22363281E-01, 7.35364079E-01
4.22607422E-01, 7.33761907E-01
4.22851562E-01, 7.31297433E-01
4.23095703E-01, 7.28497446E-01
4.23339844E-01, 7.25433350E-01
4.23583984E-01, 7.22581506E-01
4.23828125E-01, 7.19390869E-01
4.24072266E-01, 7.15651214E-01
4.24316406E-01, 7.12096453E-01
4.24560547E-01, 7.07730591E-01
4.24804688E-01, 7.03649461E-01
4.25048828E-01, 6.98823154E-01
4.25292969E-01, 6.94314718E-01
4.25537109E-01, 6.89152896E-01
4.25781250E-01, 6.84162974E-01
4.26025391E-01, 6.78211331E-01
4.26269531E-01, 6.72967434E-01
4.26513672E-01, 6.66708112E-01
4.26757812E-01, 6.60741925E-01
4.27001953E-01, 6.54366076E-01
4.27246094E-01, 6.47675097E-01
4.27490234E-01, 6.40360832E-01
4.27734375E-01, 6.33030117E-01
4.27978516E-01, 6.25411630E-01
4.28222656E-01, 6.17694318E-01
4.28466797E-01, 6.10046148E-01
4.28710938E-01, 6.01513505E-01
4.28955078E-01, 5.93393683E-01
4.29199219E-01, 5.84793031E-01
4.29443359E-01, 5.76931477E-01
4.29687500E-01, 5.67118824E-01
4.29931641E-01, 5.58790147E-01
4.30175781E-01, 5.49275517E-01
4.30419922E-01, 5.40854812E-01
4.30664062E-01, 5.30810177E-01
4.30908203E-01, 5.20980000E-01
4.31152344E-01, 5.11015058E-01
4.31396484E-01, 5.01765609E-01
4.31640625E-01, 4.91022527E-01
4.31884766E-01, 4.81588244E-01
4.32128906E-01, 4.71199393E-01
4.32373047E-01, 4.61106896E-01
4.32617188E-01, 4.51390028E-01
4.32861328E-01, 4.40536410E-01
4.33105469E-01, 4.29411322E-01
4.33349609E-01, 4.18612540E-01
4.33593750E-01, 4.08811539E-01
4.33837891E-01, 3.97608221E-01
4.34082031E-01, 3.87318671E-01
4.34326172E-01, 3.74999672E-01
4.34570312E-01, 3.64024729E-01
4.34814453E-01, 3.52150857E-01
4.35058594E-01, 3.41321826E-01
4.35302734E-01, 3.28403711E-01
4.35546875E-01, 3.16849768E-01
4.35791016E-01, 3.03947598E-01
4.36035156E-01, 2.92401671E-01
4.36279297E-01, 2.79195487E-01
4.36523438E-01, 2.66912609E-01
4.36767578E-01, 2.53600508E-01
4.37011719E-01, 2.41034657E-01
4.37255859E-01, 2.27496639E-01
4.37500000E-01, 2.14282021E-01
4.37744141E-01, 2.01657131E-01
4.37988281E-01, 1.88658416E-01
4.38232422E-01, 1.75967544E-01
4.38476562E-01, 1.61911309E-01
4.38720703E-01, 1.49023682E-01
4.38964844E-01, 1.34957150E-01
4.39208984E-01, 1.21824667E-01
4.39453125E-01, 1.07267857E-01
4.39697266E-01, 9.43356007E-02
4.39941406E-01, 7.90812597E-02
4.40185547E-01, 6.67738244E-02
4.40429688E-01, 5.21901883E-02
4.40673828E-01, 3.92091535E-02
4.40917969E-01, 2.49020681E-02
4.41162109E-01, 1.17260283E-02
4.41406250E-01, -2.45062844E-03
4.41650391E-01, -1.60494577E-02
4.41894531E-01, -3.02694459E-02
4.42138672E-01, -4.43831794E-02
4.42382812E-01, -5.87654002E-02
4.42626953E-01, -7.20402002E-02
4.42871094E-01, -8.61545727E-02
4.43115234E-01, -9.97384414E-02
4.43359375E-01, -1.12817086E-01
4.43603516E-01, -1.27782643E-01
4.43847656E-01, -1.40062898E-01
4.44091797E-01, -1.54553920E-01
4.44335938E-01, -1.67383581E-01
4.44580078E-01, -1.82392269E-01
4.44824219E-01, -1.95346504E-01
4.45068359E-01, -2.09116921E-01
4.45312500E-01, -2.21433014E-01
4.45556641E-01, -2.36318439E-01
4.45800781E-01, -2.48470515E-01
4.46044922E-01, -2.61974275E-01
4.46289062E-01, -2.74652272E-01
4.46533203E-01, -2.87754118E-01
4.46777344E-01, -3.00324410E-01
4.47021484E-01, -3.12665462E-01
4.47265625E-01, -3.24481457E-01
4.47509766E-01, -3.36490512E-01
4.47753906E-01, -3.48581403E-01
4.47998047E-01, -3.60701501E-01
4.48242188E-01, -3.72933805E-01
4.48486328E-01, -3.84126604E-01
4.48730469E-01, -3.95702273E-01
4.48974609E-01, -4.05424714E-01
4.49218750E-01, -4.18035328E-01
4.49462891E-01, -4.28415626E-01
4.49707031E-01, -4.39426303E-01
4.49951172E-01, -4.48436677E-01
4.50195312E-01, -4.59348023E-01
4.50439453E-01, -4.70171601E-01
4.50683594E-01, -4.80981529E-01
4.50927734E-01, -4.90231365E-01
4.51171875E-01, -5.01118481E-01
4.51416016E-01, -5.10570586E-01
4.51660156E-01, -5.20948470E-01
4.51904297E-01, -5.30244529E-01
4.52148438E-01, -5.39506078E-01
4.52392578E-01, -5.49194932E-01
4.52636719E-01, -5.58783352E-01
4.52880859E-01, -5.68653166E-01
4.53125000E-01, -5.78132331E-01
4.53369141E-01, -5.87300241E-01
4.53613281E-01, -5.95772326E-01
4.53857422E-01, -6.05515420E-01
4.54101562E-01, -6.13273561E-01
4.54345703E-01, -6.21510804E-01
4.54589844E-01, -6.28164232E-01
4.54833984E-01, -6.36790693E-01
4.55078125E-01, -6.44157946E-01
4.55322266E-01, -6.52060807E-01
4.55566406E-01, -6.58655941E-01
4.55810547E-01, -6.65338516E-01
4.56054688E-01, -6.71388865E-01
4.56298828E-01, -6.77925110E-01
4.56542969E-01, -6.83743954E-01
4.56787109E-01, -6.90024495E-01
4.57031250E-01, -6.95281208E-01
4.57275391E-01, -7.00282633E-01
4.57519531E-01, -7.06084490E-01
4.57763672E-01, -7.11206257E-01
4.58007812E-01, -7.15661526E-01
4.58251953E-01, -7.19732881E-01
4.58496094E-01, -7.24622965E-01
4.58740234E-01, -7.28426814E-01
4.58984375E-01, -7.31706440E-01
4.59228516E-01, -7.34552503E-01
4.59472656E-01, -7.38264501E-01
4.59716797E-01, -7.40917027E-01
4.59960938E-01, -7.43890941E-01
4.60205078E-01, -7.46131420E-01
4.60449219E-01, -7.48648286E-01
4.60693359E-01, -7.50203311E-01
4.60937500E-01, -7.51931310E-01
4.61181641E-01, -7.53252983E-01
4.61425781E-01, -7.54330575E-01
4.61669922E-01, -7.55111456E-01
4.61914062E-01, -7.55332828E-01
4.62158203E-01, -7.55862832E-01
4.62402344E-01, -7.55822301E-01
4.62646484E-01, -7.55874276E-01
4.62890625E-01, -7.55349100E-01
4.63134766E-01, -7.54853547E-01
4.63378906E-01, -7.54088163E-01
4.63623047E-01, -7.53785431E-01
4.63867188E-01, -7.53003836E-01
4.64111328E-01, -7.51435816E-01
4.64355469E-01, -7.50104964E-01
4.64599609E-01, -7.48547375E-01
4.64843750E-01, -7.46542394E-01
4.65087891E-01, -7.44313717E-01
4.65332031E-01, -7.41586685E-01
4.65576172E-01, -7.39047825E-01
4.65820312E-01, -7.36490726E-01
4.66064453E-01, -7.33364344E-01
4.66308594E-01, -7.30284333E-01
4.66552734E-01, -7.26077020E-01
4.66796875E-01, -7.21746325E-01
4.67041016E-01, -7.17249334E-01
4.67285156E-01, -7.13432372E-01
4.67529297E-01, -7.08262146E-01
4.67773438E-01, -7.03310132E-01
4.68017578E-01, -6.97859108E-01
4.68261719E-01, -6.92766130E-01
4.68505859E-01, -6.86956227E-01
4.68750000E-01, -6.81709886E-01
4.68994141E-01, -6.75975859E-01
4.69238281E-01, -6.68586791E-01
4.69482422E-01, -6.61998928E-01
4.69726562E-01, -6.54885530E-01
4.69970703E-01, -6.47376895E-01
4.70214844E-01, -6.40301526E-01
4.70458984E-01, -6.33391082E-01
4.70703125E-01, -6.25265777E-01
4.70947266E-01, -6.18436635E-01
4.71191406E-01, -6.09801233E-01
4.71435547E-01, -6.02092981E-01
4.71679688E-01, -5.93792915E-01
4.71923828E-01, -5.86068034E-01
4.72167969E-01, -5.76897919E-01
4.72412109E-01, -5.68354011E-01
4.72656250E-01, -5.59113681E-01
4.72900391E-01, -5.50069869E-01
4.73144531E-01, -5.40419757E-01
4.73388672E-01, -5.31687856E-01
4.73632812E-01, -5.22015095E-01
4.73876953E-01, -5.12647212E-01
4.74121094E-01, -5.02352595E-01
4.74365234E-01, -4.90223706E-01
4.74609375E-01, -4.80453670E-01
4.74853516E-01, -4.71444011E-01
4.75097656E-01, -4.61084872E-01
4.75341797E-01, -4.50209141E-01
4.75585938E-01, -4.40126747E-01
4.75830078E-01, -4.27132666E-01
4.76074219E-01, -4.16314244E-01
4.76318359E-01, -4.05663103E-01
4.76562500E-01, -3.94969970E-01
4.76806641E-01, -3.82464319E-01
4.77050781E-01, -3.71145159E-01
4.77294922E-01, -3.57473224E-01
4.77539062E-01, -3.45395297E-01
4.77783203E-01, -3.32355201E-01
4.78027344E-01, -3.19874406E-01
4.78271484E-01, -3.06601703E-01
4.78515625E-01, -2.95239925E-01
4.78759766E-01, -2.81367898E-01
4.79003906E-01, -2.66852349E-01
4.79248047E-01, -2.53642380E-01
4.79492188E-01, -2.40621358E-01
4.79736328E-01, -2.27396652E-01
4.79980469E-01, -2.14186028E-01
4.80224609E-01, -2.00511336E-01
4.80468750E-01, -1.85895532E-01
4.80712891E-01, -1.73317790E-01
4.80957031E-01, -1.58201277E-01
4.81201172E-01, -1.44769266E-01
4.81445312E-01, -1.30262613E-01
4.81689453E-01, -1.17301248E-01
4.81933594E-01, -1.02719739E-01
4.82177734E-01, -8.96971673E-02
4.82421875E-01, -7.51808211E-02
4.82666016E-01, -6.13909028E-02
4.82910156E-01, -4.68228757E-02
4.83154297E-01, -3.48219350E-02
4.83398438E-01, -2.06354894E-02
4.83642578E-01, -6.46521477E-03
4.83886719E-01, 8.03449564E-03
4.84130859E-01, 2.12235469E-02
4.84375000E-01, 3.56526338E-02
4.84619141E-01, 4.96355444E-02
4.84863281E-01, 6.37332201E-02
4.85107422E-01, 7.73164183E-02
4.85351562E-01, 9.01359692E-02
4.85595703E-01, 1.03848547E-01
4.85839844E-01, 1.16352044E-01
4.86083984E-01, 1.30386323E-01
4.86328125E-01, 1.42073393E-01
4.86572266E-01, 1.56046420E-01
4.86816406E-01, 1.68726668E-01
4.87060547E-01, 1.82732627E-01
4.87304688E-01, 1.95464939E-01
4.87548828E-01, 2.08566472E-01
4.87792969E-01, 2.19994143E-01
4.88037109E-01, 2.33489066E-01
4.88281250E-01, 2.45788589E-01
4.88525391E-01, 2.58913875E-01
4.88769531E-01, 2.71375299E-01
4.89013672E-01, 2.84461915E-01
4.89257812E-01, 2.96546161E-01
4.89501953E-01, 3.09512794E-01
4.89746094E-01, 3.21129769E-01
4.89990234E-01, 3.33921790E-01
4.90234375E-01, 3.46204996E-01
4.90478516E-01, 3.57968569E-01
4.90722656E-01, 3.70127589E-01
4.90966797E-01, 3.81191999E-01
4.91210938E-01, 3.93456906E-01
4.91455078E-01, 4.04630601E-01
4.91699219E-01, 4.16559964E-01
4.91943359E-01, 4.27842319E-01
4.92187500E-01, 4.40507531E-01
4.92431641E-01, 4.50622559E-01
4.92675781E-01, 4.61861193E-01
4.92919922E-01, 4.72017050E-01
4.93164062E-01, 4.83298689E-01
4.93408203E-01, 4.92551923E-01
4.93652344E-01, 5.03650963E-01
4.93896484E-01, 5.13508439E-01
4.94140625E-01, 5.23811460E-01
4.94384766E-01, 5.33605635E-01
4.94628906E-01, 5.43702483E-01
4.94873047E-01, 5.52773297E-01
4.95117188E-01, 5.61833024E-01
4.95361328E-01, 5.71067095E-01
4.95605469E-01, 5.79843998E-01
4.95849609E-01, 5.88361621E-01
4.96093750E-01, 5.96502066E-01
4.96337891E-01, 6.04708612E-01
4.96582031E-01, 6.12200975E-01
4.96826172E-01, 6.21201813E-01
4.97070312E-01, 6.28937721E-01
4.97314453E-01, 6.36441529E-01
4.97558594E-01, 6.43287241E-01
4.97802734E-01, 6.51103020E-01
4.98046875E-01, 6.57693982E-01
4.98291016E-01, 6.65067971E-01
4.98535156E-01, 6.71019971E-01
4.98779297E-01, 6.77610099E-01
4.99023438E-01, 6.82970703E-01
4.99267578E-01, 6.89379752E-01
4.99511719E-01, 6.94837093E-01
4.99755859E-01, 7.00287163E-01
