Label:, CH2: Time
DateTime:, Wed Jan  1 00:07:20 2003
DataKind:, CH2, Time, Real
DataPoints:, 2048
DataCalc:
Frequency:, 0.000 , 1600.000, Hz
Sample:, 2048, Internal
Average:, 0, Power/Sum
Voltage(CH2):, 10.000, dBVrms
EU/V(CH2):, 1.000E+00
Window(CH2):, Hann
X-AxisScale:, Lin
X-AxisUnit:, s
Y-AxisScale:, Lin
Y-AxisUnit:, V
Y-AxisMagniude:
0.00000000E+00, -1.75340950E+00
2.44140625E-04, -1.73721719E+00
4.88281250E-04, -1.71883345E+00
7.32421875E-04, -1.70173275E+00
9.76562500E-04, -1.68240523E+00
1.22070312E-03, -1.66413319E+00
1.46484375E-03, -1.64394367E+00
1.70898438E-03, -1.62395275E+00
1.95312500E-03, -1.60307157E+00
2.19726562E-03, -1.58220279E+00
2.44140625E-03, -1.56086326E+00
2.68554688E-03, -1.53827155E+00
2.92968750E-03, -1.51567030E+00
3.17382812E-03, -1.49205613E+00
3.41796875E-03, -1.46925449E+00
3.66210938E-03, -1.44432998E+00
3.90625000E-03, -1.42120242E+00
4.15039062E-03, -1.39532232E+00
4.39453125E-03, -1.37094605E+00
4.63867188E-03, -1.34374917E+00
4.88281250E-03, -1.31937563E+00
5.12695312E-03, -1.29127395E+00
5.37109375E-03, -1.26586378E+00
5.61523438E-03, -1.23703027E+00
5.85937500E-03, -1.21009588E+00
6.10351562E-03, -1.18015361E+00
6.34765625E-03, -1.15268600E+00
6.59179688E-03, -1.12241900E+00
6.83593750E-03, -1.09294569E+00
7.08007812E-03, -1.06231916E+00
7.32421875E-03, -1.03240812E+00
7.56835938E-03, -1.00137877E+00
7.81250000E-03, -9.70069945E-01
8.05664062E-03, -9.38646376E-01
8.30078125E-03, -9.07419741E-01
8.54492188E-03, -8.75612497E-01
8.78906250E-03, -8.43062937E-01
9.03320312E-03, -8.10803533E-01
9.27734375E-03, -7.77690768E-01
9.52148438E-03, -7.46033072E-01
9.76562500E-03, -7.10336626E-01
1.00097656E-02, -6.79076314E-01
1.02539062E-02, -6.43529356E-01
1.04980469E-02, -6.12526476E-01
1.07421875E-02, -5.76184928E-01
1.09863281E-02, -5.44182897E-01
1.12304688E-02, -5.06845772E-01
1.14746094E-02, -4.74095970E-01
1.17187500E-02, -4.35333848E-01
1.19628906E-02, -4.01053220E-01
1.22070312E-02, -3.67227972E-01
1.24511719E-02, -3.31541151E-01
1.26953125E-02, -2.95965612E-01
1.29394531E-02, -2.60960251E-01
1.31835938E-02, -2.23289460E-01
1.34277344E-02, -1.86982617E-01
1.36718750E-02, -1.51531130E-01
1.39160156E-02, -1.14527024E-01
1.41601562E-02, -7.92225972E-02
1.44042969E-02, -4.36389260E-02
1.46484375E-02, -8.13814625E-03
1.48925781E-02, 2.78714728E-02
1.51367188E-02, 6.34965673E-02
1.53808594E-02, 1.02113262E-01
1.56250000E-02, 1.34911522E-01
1.58691406E-02, 1.76515788E-01
1.61132812E-02, 2.08611414E-01
1.63574219E-02, 2.44276494E-01
1.66015625E-02, 2.79266179E-01
1.68457031E-02, 3.16026270E-01
1.70898438E-02, 3.48975390E-01
1.73339844E-02, 3.89272630E-01
1.75781250E-02, 4.21736658E-01
1.78222656E-02, 4.56922054E-01
1.80664062E-02, 4.91917372E-01
1.83105469E-02, 5.25267303E-01
1.85546875E-02, 5.60213804E-01
1.87988281E-02, 5.93332171E-01
1.90429688E-02, 6.26840770E-01
1.92871094E-02, 6.61366165E-01
1.95312500E-02, 6.95317924E-01
1.97753906E-02, 7.28190184E-01
2.00195312E-02, 7.63951600E-01
2.02636719E-02, 7.93764055E-01
2.05078125E-02, 8.27306628E-01
2.07519531E-02, 8.58556271E-01
2.09960938E-02, 8.91940534E-01
2.12402344E-02, 9.22471523E-01
2.14843750E-02, 9.55617487E-01
2.17285156E-02, 9.85229373E-01
2.19726562E-02, 1.01985455E+00
2.22167969E-02, 1.04840875E+00
2.24609375E-02, 1.08066332E+00
2.27050781E-02, 1.10985506E+00
2.29492188E-02, 1.14106476E+00
2.31933594E-02, 1.16875839E+00
2.34375000E-02, 1.19752324E+00
2.36816406E-02, 1.22487080E+00
2.39257812E-02, 1.25237465E+00
2.41699219E-02, 1.27982509E+00
2.44140625E-02, 1.30670226E+00
2.46582031E-02, 1.33350384E+00
2.49023438E-02, 1.35897279E+00
2.51464844E-02, 1.38517916E+00
2.53906250E-02, 1.40888894E+00
2.56347656E-02, 1.43523502E+00
2.58789062E-02, 1.45820832E+00
2.61230469E-02, 1.48355412E+00
2.63671875E-02, 1.50487518E+00
2.66113281E-02, 1.53029573E+00
2.68554688E-02, 1.55185080E+00
2.70996094E-02, 1.57596326E+00
2.73437500E-02, 1.59715164E+00
2.75878906E-02, 1.61959612E+00
2.78320312E-02, 1.64018774E+00
2.80761719E-02, 1.66215634E+00
2.83203125E-02, 1.68103790E+00
2.85644531E-02, 1.70033932E+00
2.88085938E-02, 1.71833050E+00
2.90527344E-02, 1.73613524E+00
2.92968750E-02, 1.75336385E+00
2.95410156E-02, 1.76910460E+00
2.97851562E-02, 1.78487670E+00
3.00292969E-02, 1.80052114E+00
3.02734375E-02, 1.81548667E+00
3.05175781E-02, 1.82877123E+00
3.07617188E-02, 1.84201252E+00
3.10058594E-02, 1.85461783E+00
3.12500000E-02, 1.86749411E+00
3.14941406E-02, 1.87743139E+00
3.17382812E-02, 1.88874555E+00
3.19824219E-02, 1.89757931E+00
3.22265625E-02, 1.90844011E+00
3.24707031E-02, 1.91653502E+00
3.27148438E-02, 1.92606401E+00
3.29589844E-02, 1.93405390E+00
3.32031250E-02, 1.94170940E+00
3.34472656E-02, 1.94814181E+00
3.36914062E-02, 1.95464718E+00
3.39355469E-02, 1.96008694E+00
3.41796875E-02, 1.96516430E+00
3.44238281E-02, 1.96909451E+00
3.46679688E-02, 1.97284985E+00
3.49121094E-02, 1.97693241E+00
3.51562500E-02, 1.97934747E+00
3.54003906E-02, 1.98177612E+00
3.56445312E-02, 1.98272824E+00
3.58886719E-02, 1.98430657E+00
3.61328125E-02, 1.98459876E+00
3.63769531E-02, 1.98529279E+00
3.66210938E-02, 1.98485518E+00
3.68652344E-02, 1.98404002E+00
3.71093750E-02, 1.98245585E+00
3.73535156E-02, 1.98003149E+00
3.75976562E-02, 1.97655261E+00
3.78417969E-02, 1.97298098E+00
3.80859375E-02, 1.96826947E+00
3.83300781E-02, 1.96287405E+00
3.85742188E-02, 1.95726538E+00
3.88183594E-02, 1.94967937E+00
3.90625000E-02, 1.94327676E+00
3.93066406E-02, 1.93495131E+00
3.95507812E-02, 1.92708409E+00
3.97949219E-02, 1.91734695E+00
4.00390625E-02, 1.90808153E+00
4.02832031E-02, 1.89772546E+00
4.05273438E-02, 1.88653386E+00
4.07714844E-02, 1.87393606E+00
4.10156250E-02, 1.86161315E+00
4.12597656E-02, 1.84814310E+00
4.15039062E-02, 1.83452213E+00
4.17480469E-02, 1.82037783E+00
4.19921875E-02, 1.80571747E+00
4.22363281E-02, 1.79162037E+00
4.24804688E-02, 1.77420938E+00
4.27246094E-02, 1.76011097E+00
4.29687500E-02, 1.74146938E+00
4.32128906E-02, 1.72409260E+00
4.34570312E-02, 1.70487618E+00
4.37011719E-02, 1.68636167E+00
4.39453125E-02, 1.66539431E+00
4.41894531E-02, 1.64612484E+00
4.44335938E-02, 1.62425053E+00
4.46777344E-02, 1.60445893E+00
4.49218750E-02, 1.58290875E+00
4.51660156E-02, 1.56111228E+00
4.54101562E-02, 1.53867853E+00
4.56542969E-02, 1.51645589E+00
4.58984375E-02, 1.49302721E+00
4.61425781E-02, 1.46866202E+00
4.63867188E-02, 1.44422781E+00
4.66308594E-02, 1.41810429E+00
4.68750000E-02, 1.39302993E+00
4.71191406E-02, 1.36579394E+00
4.73632812E-02, 1.34199858E+00
4.76074219E-02, 1.31272066E+00
4.78515625E-02, 1.28679371E+00
4.80957031E-02, 1.25736666E+00
4.83398438E-02, 1.23081708E+00
4.85839844E-02, 1.20192409E+00
4.88281250E-02, 1.17237735E+00
4.90722656E-02, 1.14116049E+00
4.93164062E-02, 1.11311543E+00
4.95605469E-02, 1.07714784E+00
4.98046875E-02, 1.04905415E+00
5.00488281E-02, 1.01637423E+00
5.02929688E-02, 9.84429002E-01
5.05371094E-02, 9.53043044E-01
5.07812500E-02, 9.18751001E-01
5.10253906E-02, 8.89014125E-01
5.12695312E-02, 8.54935884E-01
5.15136719E-02, 8.22590232E-01
5.17578125E-02, 7.88763404E-01
5.20019531E-02, 7.56499052E-01
5.22460938E-02, 7.22019434E-01
5.24902344E-02, 6.89240038E-01
5.27343750E-02, 6.52164280E-01
5.29785156E-02, 6.21898711E-01
5.32226562E-02, 5.86574078E-01
5.34667969E-02, 5.54370403E-01
5.37109375E-02, 5.18183470E-01
5.39550781E-02, 4.84655589E-01
5.41992188E-02, 4.44317102E-01
5.44433594E-02, 4.11706209E-01
5.46875000E-02, 3.74634206E-01
5.49316406E-02, 3.38035643E-01
5.51757812E-02, 3.04794937E-01
5.54199219E-02, 2.68415511E-01
5.56640625E-02, 2.32180759E-01
5.59082031E-02, 1.97760552E-01
5.61523438E-02, 1.61491290E-01
5.63964844E-02, 1.25784233E-01
5.66406250E-02, 9.02770907E-02
5.68847656E-02, 5.17611280E-02
5.71289062E-02, 1.87374242E-02
5.73730469E-02, -2.24083737E-02
5.76171875E-02, -5.35674058E-02
5.78613281E-02, -9.28836986E-02
5.81054688E-02, -1.25200376E-01
5.83496094E-02, -1.61808759E-01
5.85937500E-02, -1.96522698E-01
5.88378906E-02, -2.35299796E-01
5.90820312E-02, -2.69466341E-01
5.93261719E-02, -3.06537569E-01
5.95703125E-02, -3.42219561E-01
5.98144531E-02, -3.78393680E-01
6.00585938E-02, -4.14544940E-01
6.03027344E-02, -4.48327154E-01
6.05468750E-02, -4.83882248E-01
6.07910156E-02, -5.19407094E-01
6.10351562E-02, -5.55636525E-01
6.12792969E-02, -5.86504161E-01
6.15234375E-02, -6.21211112E-01
6.17675781E-02, -6.55784667E-01
6.20117188E-02, -6.90110624E-01
6.22558594E-02, -7.21672297E-01
6.25000000E-02, -7.57223904E-01
6.27441406E-02, -7.87966192E-01
6.29882812E-02, -8.23559225E-01
6.32324219E-02, -8.52280259E-01
6.34765625E-02, -8.87819886E-01
6.37207031E-02, -9.16930020E-01
6.39648438E-02, -9.50681746E-01
6.42089844E-02, -9.80701566E-01
6.44531250E-02, -1.01266026E+00
6.46972656E-02, -1.04311717E+00
6.49414062E-02, -1.07321322E+00
6.51855469E-02, -1.10376799E+00
6.54296875E-02, -1.13204145E+00
6.56738281E-02, -1.16194141E+00
6.59179688E-02, -1.18930233E+00
6.61621094E-02, -1.21905398E+00
6.64062500E-02, -1.24468040E+00
6.66503906E-02, -1.27425122E+00
6.68945312E-02, -1.29927921E+00
6.71386719E-02, -1.32713068E+00
6.73828125E-02, -1.35088170E+00
6.76269531E-02, -1.37807453E+00
6.78710938E-02, -1.40198147E+00
6.81152344E-02, -1.42778230E+00
6.83593750E-02, -1.45025730E+00
6.86035156E-02, -1.47552407E+00
6.88476562E-02, -1.49773633E+00
6.90917969E-02, -1.52208936E+00
6.93359375E-02, -1.54400742E+00
6.95800781E-02, -1.56660247E+00
6.98242188E-02, -1.58785737E+00
7.00683594E-02, -1.60864246E+00
7.03125000E-02, -1.63039827E+00
7.05566406E-02, -1.64962602E+00
7.08007812E-02, -1.67059267E+00
7.10449219E-02, -1.68851519E+00
7.12890625E-02, -1.70831072E+00
7.15332031E-02, -1.72525322E+00
7.17773438E-02, -1.74384224E+00
7.20214844E-02, -1.76014650E+00
7.22656250E-02, -1.77747667E+00
7.25097656E-02, -1.79148996E+00
7.27539062E-02, -1.80747521E+00
7.29980469E-02, -1.82037115E+00
7.32421875E-02, -1.83576715E+00
7.34863281E-02, -1.84811306E+00
7.37304688E-02, -1.86077857E+00
7.39746094E-02, -1.87306488E+00
7.42187500E-02, -1.88487196E+00
7.44628906E-02, -1.89515185E+00
7.47070312E-02, -1.90534937E+00
7.49511719E-02, -1.91505957E+00
7.51953125E-02, -1.92321467E+00
7.54394531E-02, -1.93180323E+00
7.56835938E-02, -1.93895030E+00
7.59277344E-02, -1.94677520E+00
7.61718750E-02, -1.95209515E+00
7.64160156E-02, -1.95858347E+00
7.66601562E-02, -1.96335924E+00
7.69042969E-02, -1.96820021E+00
7.71484375E-02, -1.97127819E+00
7.73925781E-02, -1.97519600E+00
7.76367188E-02, -1.97760975E+00
7.78808594E-02, -1.97936475E+00
7.81250000E-02, -1.98010719E+00
7.83691406E-02, -1.98089755E+00
7.86132812E-02, -1.98091745E+00
7.88574219E-02, -1.97993875E+00
7.91015625E-02, -1.97904408E+00
7.93457031E-02, -1.97666800E+00
7.95898438E-02, -1.97421479E+00
7.98339844E-02, -1.97050190E+00
8.00781250E-02, -1.96695960E+00
8.03222656E-02, -1.96207941E+00
8.05664062E-02, -1.95714545E+00
8.08105469E-02, -1.95099556E+00
8.10546875E-02, -1.94472802E+00
8.12988281E-02, -1.93720007E+00
8.15429688E-02, -1.92974734E+00
8.17871094E-02, -1.92156315E+00
8.20312500E-02, -1.91255581E+00
8.22753906E-02, -1.90311313E+00
8.25195312E-02, -1.89242458E+00
8.27636719E-02, -1.88193631E+00
8.30078125E-02, -1.87010181E+00
8.32519531E-02, -1.85907340E+00
8.34960938E-02, -1.84578001E+00
8.37402344E-02, -1.83290386E+00
8.39843750E-02, -1.81833589E+00
8.42285156E-02, -1.80503380E+00
8.44726562E-02, -1.78940463E+00
8.47167969E-02, -1.77486944E+00
8.49609375E-02, -1.75809419E+00
8.52050781E-02, -1.74200642E+00
8.54492188E-02, -1.72393310E+00
8.56933594E-02, -1.70663702E+00
8.59375000E-02, -1.68810999E+00
8.61816406E-02, -1.66926706E+00
8.64257812E-02, -1.64987445E+00
8.66699219E-02, -1.62953484E+00
8.69140625E-02, -1.60902023E+00
8.71582031E-02, -1.58808136E+00
8.74023438E-02, -1.56758976E+00
8.76464844E-02, -1.54491425E+00
8.78906250E-02, -1.52318907E+00
8.81347656E-02, -1.49922705E+00
8.83789062E-02, -1.47693849E+00
8.86230469E-02, -1.45192409E+00
8.88671875E-02, -1.42940474E+00
8.91113281E-02, -1.40341055E+00
8.93554688E-02, -1.37936032E+00
8.95996094E-02, -1.35267138E+00
8.98437500E-02, -1.32789600E+00
9.00878906E-02, -1.30003393E+00
9.03320312E-02, -1.27466166E+00
9.05761719E-02, -1.24616528E+00
9.08203125E-02, -1.21934271E+00
9.10644531E-02, -1.18993187E+00
9.13085938E-02, -1.16163576E+00
9.15527344E-02, -1.13241589E+00
9.17968750E-02, -1.10234404E+00
9.20410156E-02, -1.07231510E+00
9.22851562E-02, -1.04208183E+00
9.25292969E-02, -1.01223743E+00
9.27734375E-02, -9.80764091E-01
9.30175781E-02, -9.49875236E-01
9.32617188E-02, -9.17792678E-01
9.35058594E-02, -8.86613071E-01
9.37500000E-02, -8.53630662E-01
9.39941406E-02, -8.22633445E-01
9.42382812E-02, -7.88545966E-01
9.44824219E-02, -7.57898152E-01
9.47265625E-02, -7.22111881E-01
9.49707031E-02, -6.91303790E-01
9.52148438E-02, -6.56004071E-01
9.54589844E-02, -6.24486446E-01
9.57031250E-02, -5.88287950E-01
9.59472656E-02, -5.56150734E-01
9.61914062E-02, -5.19865036E-01
9.64355469E-02, -4.86241043E-01
9.66796875E-02, -4.49438691E-01
9.69238281E-02, -4.14271861E-01
9.71679688E-02, -3.80426258E-01
9.74121094E-02, -3.44517171E-01
9.76562500E-02, -3.09223831E-01
9.79003906E-02, -2.73172766E-01
9.81445312E-02, -2.37804547E-01
9.83886719E-02, -2.00761035E-01
9.86328125E-02, -1.65772080E-01
9.88769531E-02, -1.29289761E-01
9.91210938E-02, -9.41873863E-02
9.93652344E-02, -5.75525463E-02
9.96093750E-02, -2.28034891E-02
9.98535156E-02, 1.44419335E-02
1.00097656E-01, 4.81718294E-02
1.00341797E-01, 8.78731012E-02
1.00585938E-01, 1.20923966E-01
1.00830078E-01, 1.61990166E-01
1.01074219E-01, 1.95375070E-01
1.01318359E-01, 2.30542436E-01
1.01562500E-01, 2.65101641E-01
1.01806641E-01, 3.01616907E-01
1.02050781E-01, 3.35743785E-01
1.02294922E-01, 3.74142349E-01
1.02539062E-01, 4.08424020E-01
1.02783203E-01, 4.43272620E-01
1.03027344E-01, 4.79296744E-01
1.03271484E-01, 5.13050675E-01
1.03515625E-01, 5.49475610E-01
1.03759766E-01, 5.80622554E-01
1.04003906E-01, 6.13729715E-01
1.04248047E-01, 6.47634625E-01
1.04492188E-01, 6.81978643E-01
1.04736328E-01, 7.12916672E-01
1.04980469E-01, 7.48197794E-01
1.05224609E-01, 7.79359221E-01
1.05468750E-01, 8.15847635E-01
1.05712891E-01, 8.45377922E-01
1.05957031E-01, 8.77716303E-01
1.06201172E-01, 9.09014404E-01
1.06445312E-01, 9.42476451E-01
1.06689453E-01, 9.71614838E-01
1.06933594E-01, 1.00411487E+00
1.07177734E-01, 1.03369355E+00
1.07421875E-01, 1.06606889E+00
1.07666016E-01, 1.09571731E+00
1.07910156E-01, 1.12589800E+00
1.08154297E-01, 1.15493417E+00
1.08398438E-01, 1.18403125E+00
1.08642578E-01, 1.21301150E+00
1.08886719E-01, 1.23982394E+00
1.09130859E-01, 1.26712251E+00
1.09375000E-01, 1.29305255E+00
1.09619141E-01, 1.32062614E+00
1.09863281E-01, 1.34585607E+00
1.10107422E-01, 1.37354708E+00
1.10351562E-01, 1.39648962E+00
1.10595703E-01, 1.42399943E+00
1.10839844E-01, 1.44666302E+00
1.11083984E-01, 1.47302234E+00
1.11328125E-01, 1.49535656E+00
1.11572266E-01, 1.51987135E+00
1.11816406E-01, 1.54176807E+00
1.12060547E-01, 1.56574595E+00
1.12304688E-01, 1.58809960E+00
1.12548828E-01, 1.61039948E+00
1.12792969E-01, 1.63167083E+00
1.13037109E-01, 1.65297794E+00
1.13281250E-01, 1.67323542E+00
1.13525391E-01, 1.69350934E+00
1.13769531E-01, 1.71235752E+00
1.14013672E-01, 1.73025775E+00
1.14257812E-01, 1.74812829E+00
1.14501953E-01, 1.76446271E+00
1.14746094E-01, 1.78161585E+00
1.14990234E-01, 1.79725444E+00
1.15234375E-01, 1.81297708E+00
1.15478516E-01, 1.82618153E+00
1.15722656E-01, 1.84091079E+00
1.15966797E-01, 1.85275972E+00
1.16210938E-01, 1.86611032E+00
1.16455078E-01, 1.87656832E+00
1.16699219E-01, 1.88811624E+00
1.16943359E-01, 1.89742124E+00
1.17187500E-01, 1.90847182E+00
1.17431641E-01, 1.91734028E+00
1.17675781E-01, 1.92593944E+00
1.17919922E-01, 1.93340933E+00
1.18164062E-01, 1.94065762E+00
1.18408203E-01, 1.94756711E+00
1.18652344E-01, 1.95327628E+00
1.18896484E-01, 1.95907366E+00
1.19140625E-01, 1.96382487E+00
1.19384766E-01, 1.96776974E+00
1.19628906E-01, 1.97121286E+00
1.19873047E-01, 1.97456837E+00
1.20117188E-01, 1.97652757E+00
1.20361328E-01, 1.97899747E+00
1.20605469E-01, 1.97998059E+00
1.20849609E-01, 1.98142588E+00
1.21093750E-01, 1.98151731E+00
1.21337891E-01, 1.98186803E+00
1.21582031E-01, 1.98128271E+00
1.21826172E-01, 1.98028517E+00
1.22070312E-01, 1.97868562E+00
1.22314453E-01, 1.97618151E+00
1.22558594E-01, 1.97288203E+00
1.22802734E-01, 1.96939063E+00
1.23046875E-01, 1.96565664E+00
1.23291016E-01, 1.96039128E+00
1.23535156E-01, 1.95540214E+00
1.23779297E-01, 1.94832063E+00
1.24023438E-01, 1.94163024E+00
1.24267578E-01, 1.93361425E+00
1.24511719E-01, 1.92599118E+00
1.24755859E-01, 1.91624177E+00
1.25000000E-01, 1.90668499E+00
1.25244141E-01, 1.89645314E+00
1.25488281E-01, 1.88457787E+00
1.25732422E-01, 1.87272823E+00
1.25976562E-01, 1.86016607E+00
1.26220703E-01, 1.84690630E+00
1.26464844E-01, 1.83378887E+00
1.26708984E-01, 1.82074511E+00
1.26953125E-01, 1.80458069E+00
1.27197266E-01, 1.79037464E+00
1.27441406E-01, 1.77394271E+00
1.27685547E-01, 1.75842404E+00
1.27929688E-01, 1.74012971E+00
1.28173828E-01, 1.72518313E+00
1.28417969E-01, 1.70601559E+00
1.28662109E-01, 1.68793833E+00
1.28906250E-01, 1.66795731E+00
1.29150391E-01, 1.64803612E+00
1.29394531E-01, 1.62651551E+00
1.29638672E-01, 1.60527396E+00
1.29882812E-01, 1.58439910E+00
1.30126953E-01, 1.56240320E+00
1.30371094E-01, 1.54073441E+00
1.30615234E-01, 1.51743555E+00
1.30859375E-01, 1.49459219E+00
1.31103516E-01, 1.47045732E+00
1.31347656E-01, 1.44683301E+00
1.31591797E-01, 1.42045891E+00
1.31835938E-01, 1.39533377E+00
1.32080078E-01, 1.36618662E+00
1.32324219E-01, 1.34312689E+00
1.32568359E-01, 1.31435621E+00
1.32812500E-01, 1.28762197E+00
1.33056641E-01, 1.25868309E+00
1.33300781E-01, 1.23207319E+00
1.33544922E-01, 1.20396268E+00
1.33789062E-01, 1.17500806E+00
1.34033203E-01, 1.14389014E+00
1.34277344E-01, 1.11604166E+00
1.34521484E-01, 1.08165348E+00
1.34765625E-01, 1.05153525E+00
1.35009766E-01, 1.02022696E+00
1.35253906E-01, 9.86907244E-01
1.35498047E-01, 9.56169546E-01
1.35742188E-01, 9.21172738E-01
1.35986328E-01, 8.92196119E-01
1.36230469E-01, 8.57016921E-01
1.36474609E-01, 8.25501323E-01
1.36718750E-01, 7.91681528E-01
1.36962891E-01, 7.59339273E-01
1.37207031E-01, 7.24909782E-01
1.37451172E-01, 6.92591846E-01
1.37695312E-01, 6.55129492E-01
1.37939453E-01, 6.24645829E-01
1.38183594E-01, 5.89214921E-01
1.38427734E-01, 5.56673288E-01
1.38671875E-01, 5.21645308E-01
1.38916016E-01, 4.88137603E-01
1.39160156E-01, 4.49400097E-01
1.39404297E-01, 4.15195882E-01
1.39648438E-01, 3.78302991E-01
1.39892578E-01, 3.40859503E-01
1.40136719E-01, 3.08661491E-01
1.40380859E-01, 2.71136969E-01
1.40625000E-01, 2.35990003E-01
1.40869141E-01, 2.00215831E-01
1.41113281E-01, 1.65111974E-01
1.41357422E-01, 1.28453717E-01
1.41601562E-01, 9.42621082E-02
1.41845703E-01, 5.48099242E-02
1.42089844E-01, 2.19035745E-02
1.42333984E-01, -1.95000619E-02
1.42578125E-01, -5.09574749E-02
1.42822266E-01, -9.00802314E-02
1.43066406E-01, -1.23945735E-01
1.43310547E-01, -1.58539504E-01
1.43554688E-01, -1.92470983E-01
1.43798828E-01, -2.31184185E-01
1.44042969E-01, -2.67268151E-01
1.44287109E-01, -3.02964628E-01
1.44531250E-01, -3.40304136E-01
1.44775391E-01, -3.74954998E-01
1.45019531E-01, -4.12568510E-01
1.45263672E-01, -4.45315987E-01
1.45507812E-01, -4.81320858E-01
1.45751953E-01, -5.16195536E-01
1.45996094E-01, -5.52977622E-01
1.46240234E-01, -5.84139943E-01
1.46484375E-01, -6.18250370E-01
1.46728516E-01, -6.52434528E-01
1.46972656E-01, -6.88133717E-01
1.47216797E-01, -7.19131231E-01
1.47460938E-01, -7.55570531E-01
1.47705078E-01, -7.85742521E-01
1.47949219E-01, -8.21493328E-01
1.48193359E-01, -8.51165116E-01
1.48437500E-01, -8.85934174E-01
1.48681641E-01, -9.16304350E-01
1.48925781E-01, -9.48526978E-01
1.49169922E-01, -9.80081022E-01
1.49414062E-01, -1.01066816E+00
1.49658203E-01, -1.04266918E+00
1.49902344E-01, -1.07161582E+00
1.50146484E-01, -1.10314739E+00
1.50390625E-01, -1.13087702E+00
1.50634766E-01, -1.16171277E+00
1.50878906E-01, -1.18877983E+00
1.51123047E-01, -1.21871686E+00
1.51367188E-01, -1.24387956E+00
1.51611328E-01, -1.27373564E+00
1.51855469E-01, -1.29861665E+00
1.52099609E-01, -1.32676458E+00
1.52343750E-01, -1.35122478E+00
1.52587891E-01, -1.37812316E+00
1.52832031E-01, -1.40266752E+00
1.53076172E-01, -1.42815089E+00
1.53320312E-01, -1.45113313E+00
1.53564453E-01, -1.47636390E+00
1.53808594E-01, -1.49995184E+00
1.54052734E-01, -1.52352250E+00
1.54296875E-01, -1.54592109E+00
1.54541016E-01, -1.56787086E+00
1.54785156E-01, -1.59052896E+00
1.55029297E-01, -1.61066318E+00
1.55273438E-01, -1.63336790E+00
1.55517578E-01, -1.65227568E+00
1.55761719E-01, -1.67337739E+00
1.56005859E-01, -1.69093275E+00
1.56250000E-01, -1.71121013E+00
1.56494141E-01, -1.72863483E+00
1.56738281E-01, -1.74704182E+00
1.56982422E-01, -1.76270998E+00
1.57226562E-01, -1.78017139E+00
1.57470703E-01, -1.79509103E+00
1.57714844E-01, -1.81172371E+00
1.57958984E-01, -1.82481384E+00
1.58203125E-01, -1.83907759E+00
1.58447266E-01, -1.85258877E+00
1.58691406E-01, -1.86567342E+00
1.58935547E-01, -1.87806177E+00
1.59179688E-01, -1.88954306E+00
1.59423828E-01, -1.90092790E+00
1.59667969E-01, -1.91040921E+00
1.59912109E-01, -1.92088628E+00
1.60156250E-01, -1.92940903E+00
1.60400391E-01, -1.93867254E+00
1.60644531E-01, -1.94545221E+00
1.60888672E-01, -1.95329523E+00
1.61132812E-01, -1.95951462E+00
1.61376953E-01, -1.96601391E+00
1.61621094E-01, -1.97075248E+00
1.61865234E-01, -1.97591794E+00
1.62109375E-01, -1.97959483E+00
1.62353516E-01, -1.98313713E+00
1.62597656E-01, -1.98524916E+00
1.62841797E-01, -1.98743677E+00
1.63085938E-01, -1.98878956E+00
1.63330078E-01, -1.98932886E+00
1.63574219E-01, -1.98995948E+00
1.63818359E-01, -1.98913264E+00
1.64062500E-01, -1.98828340E+00
1.64306641E-01, -1.98620474E+00
1.64550781E-01, -1.98437023E+00
1.64794922E-01, -1.98094285E+00
1.65039062E-01, -1.97726512E+00
1.65283203E-01, -1.97258615E+00
1.65527344E-01, -1.96785951E+00
1.65771484E-01, -1.96189284E+00
1.66015625E-01, -1.95578563E+00
1.66259766E-01, -1.94883490E+00
1.66503906E-01, -1.94125497E+00
1.66748047E-01, -1.93325841E+00
1.66992188E-01, -1.92421532E+00
1.67236328E-01, -1.91538215E+00
1.67480469E-01, -1.90465569E+00
1.67724609E-01, -1.89438975E+00
1.67968750E-01, -1.88248730E+00
1.68212891E-01, -1.87157691E+00
1.68457031E-01, -1.85840166E+00
1.68701172E-01, -1.84661305E+00
1.68945312E-01, -1.83248699E+00
1.69189453E-01, -1.81856990E+00
1.69433594E-01, -1.80346966E+00
1.69677734E-01, -1.78838146E+00
1.69921875E-01, -1.77197468E+00
1.70166016E-01, -1.75608730E+00
1.70410156E-01, -1.73877311E+00
1.70654297E-01, -1.72108948E+00
1.70898438E-01, -1.70308101E+00
1.71142578E-01, -1.68416464E+00
1.71386719E-01, -1.66520405E+00
1.71630859E-01, -1.64472091E+00
1.71875000E-01, -1.62519598E+00
1.72119141E-01, -1.60357022E+00
1.72363281E-01, -1.58314109E+00
1.72607422E-01, -1.56018531E+00
1.72851562E-01, -1.53886569E+00
1.73095703E-01, -1.51482618E+00
1.73339844E-01, -1.49290645E+00
1.73583984E-01, -1.46778762E+00
1.73828125E-01, -1.44506919E+00
1.74072266E-01, -1.41918182E+00
1.74316406E-01, -1.39538872E+00
1.74560547E-01, -1.36921859E+00
1.74804688E-01, -1.34405339E+00
1.75048828E-01, -1.31658900E+00
1.75292969E-01, -1.29081774E+00
1.75537109E-01, -1.26321089E+00
1.75781250E-01, -1.23532748E+00
1.76025391E-01, -1.20697081E+00
1.76269531E-01, -1.17874432E+00
1.76513672E-01, -1.15018249E+00
1.76757812E-01, -1.11941314E+00
1.77001953E-01, -1.09050572E+00
1.77246094E-01, -1.05936241E+00
1.77490234E-01, -1.02973747E+00
1.77734375E-01, -9.97669458E-01
1.77978516E-01, -9.67371345E-01
1.78222656E-01, -9.35125649E-01
1.78466797E-01, -9.04707253E-01
1.78710938E-01, -8.72002006E-01
1.78955078E-01, -8.41190159E-01
1.79199219E-01, -8.05756986E-01
1.79443359E-01, -7.75112152E-01
1.79687500E-01, -7.39390671E-01
1.79931641E-01, -7.08061576E-01
1.80175781E-01, -6.73264503E-01
1.80419922E-01, -6.41492963E-01
1.80664062E-01, -6.06162012E-01
1.80908203E-01, -5.73681891E-01
1.81152344E-01, -5.38836181E-01
1.81396484E-01, -5.04444242E-01
1.81640625E-01, -4.68426347E-01
1.81884766E-01, -4.32361841E-01
1.82128906E-01, -3.99475366E-01
1.82373047E-01, -3.61985534E-01
1.82617188E-01, -3.28090250E-01
1.82861328E-01, -2.91501015E-01
1.83105469E-01, -2.56160975E-01
1.83349609E-01, -2.18907610E-01
1.83593750E-01, -1.84269384E-01
1.83837891E-01, -1.46328151E-01
1.84082031E-01, -1.12053178E-01
1.84326172E-01, -7.49784335E-02
1.84570312E-01, -4.01515365E-02
1.84814453E-01, -3.72063718E-03
1.85058594E-01, 3.04084830E-02
1.85302734E-01, 7.21113086E-02
1.85546875E-01, 1.04779847E-01
1.85791016E-01, 1.42590463E-01
1.86035156E-01, 1.77421853E-01
1.86279297E-01, 2.12864205E-01
1.86523438E-01, 2.47245342E-01
1.86767578E-01, 2.85328776E-01
1.87011719E-01, 3.20750177E-01
1.87255859E-01, 3.56191278E-01
1.87500000E-01, 3.92308295E-01
1.87744141E-01, 4.25683498E-01
1.87988281E-01, 4.63271558E-01
1.88232422E-01, 4.94520932E-01
1.88476562E-01, 5.30497491E-01
1.88720703E-01, 5.63340783E-01
1.88964844E-01, 5.97779095E-01
1.89208984E-01, 6.31235480E-01
1.89453125E-01, 6.66008294E-01
1.89697266E-01, 6.96804583E-01
1.89941406E-01, 7.32643604E-01
1.90185547E-01, 7.63023257E-01
1.90429688E-01, 7.98253059E-01
1.90673828E-01, 8.29543233E-01
1.90917969E-01, 8.63450885E-01
1.91162109E-01, 8.93334389E-01
1.91406250E-01, 9.25979733E-01
1.91650391E-01, 9.57157910E-01
1.91894531E-01, 9.89467561E-01
1.92138672E-01, 1.02072597E+00
1.92382812E-01, 1.05109346E+00
1.92626953E-01, 1.08144629E+00
1.92871094E-01, 1.11155605E+00
1.93115234E-01, 1.14085042E+00
1.93359375E-01, 1.16877151E+00
1.93603516E-01, 1.19797993E+00
1.93847656E-01, 1.22559869E+00
1.94091797E-01, 1.25531995E+00
1.94335938E-01, 1.27992058E+00
1.94580078E-01, 1.30968249E+00
1.94824219E-01, 1.33416438E+00
1.95068359E-01, 1.36294639E+00
1.95312500E-01, 1.38685727E+00
1.95556641E-01, 1.41407979E+00
1.95800781E-01, 1.43864226E+00
1.96044922E-01, 1.46414125E+00
1.96289062E-01, 1.48772943E+00
1.96533203E-01, 1.51202261E+00
1.96777344E-01, 1.53447437E+00
1.97021484E-01, 1.55802023E+00
1.97265625E-01, 1.58055866E+00
1.97509766E-01, 1.60272121E+00
1.97753906E-01, 1.62345445E+00
1.97998047E-01, 1.64452386E+00
1.98242188E-01, 1.66564620E+00
1.98486328E-01, 1.68448675E+00
1.98730469E-01, 1.70395076E+00
1.98974609E-01, 1.72096300E+00
1.99218750E-01, 1.73922575E+00
1.99462891E-01, 1.75555432E+00
1.99707031E-01, 1.77266896E+00
1.99951172E-01, 1.78727770E+00
2.00195312E-01, 1.80338526E+00
2.00439453E-01, 1.81650174E+00
2.00683594E-01, 1.83038008E+00
2.00927734E-01, 1.84252942E+00
2.01171875E-01, 1.85545409E+00
2.01416016E-01, 1.86603808E+00
2.01660156E-01, 1.87863147E+00
2.01904297E-01, 1.88873088E+00
2.02148438E-01, 1.89876103E+00
2.02392578E-01, 1.90786064E+00
2.02636719E-01, 1.91721785E+00
2.02880859E-01, 1.92582011E+00
2.03125000E-01, 1.93355107E+00
2.03369141E-01, 1.94060433E+00
2.03613281E-01, 1.94686770E+00
2.03857422E-01, 1.95386565E+00
2.04101562E-01, 1.95919895E+00
2.04345703E-01, 1.96418977E+00
2.04589844E-01, 1.96791899E+00
2.04833984E-01, 1.97236550E+00
2.05078125E-01, 1.97496760E+00
2.05322266E-01, 1.97826362E+00
2.05566406E-01, 1.98000371E+00
2.05810547E-01, 1.98169744E+00
2.06054688E-01, 1.98212719E+00
2.06298828E-01, 1.98299932E+00
2.06542969E-01, 1.98319149E+00
2.06787109E-01, 1.98235238E+00
2.07031250E-01, 1.98107207E+00
2.07275391E-01, 1.97863758E+00
2.07519531E-01, 1.97547626E+00
2.07763672E-01, 1.97162437E+00
2.08007812E-01, 1.96780884E+00
2.08251953E-01, 1.96254194E+00
2.08496094E-01, 1.95762253E+00
2.08740234E-01, 1.95039129E+00
2.08984375E-01, 1.94394243E+00
2.09228516E-01, 1.93582332E+00
2.09472656E-01, 1.92795730E+00
2.09716797E-01, 1.91919768E+00
2.09960938E-01, 1.90901589E+00
2.10205078E-01, 1.89933205E+00
2.10449219E-01, 1.88748872E+00
2.10693359E-01, 1.87558305E+00
2.10937500E-01, 1.86321545E+00
2.11181641E-01, 1.85091352E+00
2.11425781E-01, 1.83767068E+00
2.11669922E-01, 1.82508409E+00
2.11914062E-01, 1.80994856E+00
2.12158203E-01, 1.79648530E+00
2.12402344E-01, 1.77932322E+00
2.12646484E-01, 1.76451766E+00
2.12890625E-01, 1.74677730E+00
2.13134766E-01, 1.73076379E+00
2.13378906E-01, 1.71258605E+00
2.13623047E-01, 1.69341969E+00
2.13867188E-01, 1.67394257E+00
2.14111328E-01, 1.65369976E+00
2.14355469E-01, 1.63322341E+00
2.14599609E-01, 1.61256456E+00
2.14843750E-01, 1.59261143E+00
2.15087891E-01, 1.57046747E+00
2.15332031E-01, 1.54929292E+00
2.15576172E-01, 1.52561653E+00
2.15820312E-01, 1.50290489E+00
2.16064453E-01, 1.47814286E+00
2.16308594E-01, 1.45526850E+00
2.16552734E-01, 1.42837417E+00
2.16796875E-01, 1.40470111E+00
2.17041016E-01, 1.37685502E+00
2.17285156E-01, 1.35238934E+00
2.17529297E-01, 1.32414758E+00
2.17773438E-01, 1.29781699E+00
2.18017578E-01, 1.27099907E+00
2.18261719E-01, 1.24418414E+00
2.18505859E-01, 1.21412456E+00
2.18750000E-01, 1.18601525E+00
2.18994141E-01, 1.15548193E+00
2.19238281E-01, 1.12676823E+00
2.19482422E-01, 1.09446895E+00
2.19726562E-01, 1.06219828E+00
2.19970703E-01, 1.03364527E+00
2.20214844E-01, 9.98996794E-01
2.20458984E-01, 9.70223248E-01
2.20703125E-01, 9.34844613E-01
2.20947266E-01, 9.04601634E-01
2.21191406E-01, 8.70468676E-01
2.21435547E-01, 8.38832974E-01
2.21679688E-01, 8.05853128E-01
2.21923828E-01, 7.73563623E-01
2.22167969E-01, 7.39067614E-01
2.22412109E-01, 7.08226144E-01
2.22656250E-01, 6.70570493E-01
2.22900391E-01, 6.39017820E-01
2.23144531E-01, 6.04173303E-01
2.23388672E-01, 5.70591629E-01
2.23632812E-01, 5.35876453E-01
2.23876953E-01, 5.01927912E-01
2.24121094E-01, 4.65041965E-01
2.24365234E-01, 4.29043800E-01
2.24609375E-01, 3.94670486E-01
2.24853516E-01, 3.55963498E-01
2.25097656E-01, 3.22365403E-01
2.25341797E-01, 2.83373743E-01
2.25585938E-01, 2.50343382E-01
2.25830078E-01, 2.13871896E-01
2.26074219E-01, 1.78956077E-01
2.26318359E-01, 1.42385662E-01
2.26562500E-01, 1.08222485E-01
2.26806641E-01, 6.79921284E-02
2.27050781E-01, 3.57491039E-02
2.27294922E-01, -4.66405181E-03
2.27539062E-01, -3.78071591E-02
2.27783203E-01, -7.49520957E-02
2.28027344E-01, -1.09607287E-01
2.28271484E-01, -1.43521324E-01
2.28515625E-01, -1.77339599E-01
2.28759766E-01, -2.16222540E-01
2.29003906E-01, -2.53975123E-01
2.29248047E-01, -2.86430448E-01
2.29492188E-01, -3.26336086E-01
2.29736328E-01, -3.59582394E-01
2.29980469E-01, -3.98387969E-01
2.30224609E-01, -4.30932015E-01
2.30468750E-01, -4.65351075E-01
2.30712891E-01, -5.01160741E-01
2.30957031E-01, -5.37967861E-01
2.31201172E-01, -5.69496930E-01
2.31445312E-01, -6.04539573E-01
2.31689453E-01, -6.37714028E-01
2.31933594E-01, -6.74378097E-01
2.32177734E-01, -7.04645216E-01
2.32421875E-01, -7.40329027E-01
2.32666016E-01, -7.71629214E-01
2.32910156E-01, -8.06988299E-01
2.33154297E-01, -8.37648511E-01
2.33398438E-01, -8.70295584E-01
2.33642578E-01, -9.02537823E-01
2.33886719E-01, -9.33616400E-01
2.34130859E-01, -9.66215134E-01
2.34375000E-01, -9.95920062E-01
2.34619141E-01, -1.02871919E+00
2.34863281E-01, -1.05711854E+00
2.35107422E-01, -1.08939874E+00
2.35351562E-01, -1.11655581E+00
2.35595703E-01, -1.14815998E+00
2.35839844E-01, -1.17468739E+00
2.36083984E-01, -1.20506835E+00
2.36328125E-01, -1.23083353E+00
2.36572266E-01, -1.26054454E+00
2.36816406E-01, -1.28611088E+00
2.37060547E-01, -1.31369698E+00
2.37304688E-01, -1.33866441E+00
2.37548828E-01, -1.36474562E+00
2.37792969E-01, -1.38988686E+00
2.38037109E-01, -1.41506267E+00
2.38281250E-01, -1.43924797E+00
2.38525391E-01, -1.46339726E+00
2.38769531E-01, -1.48713660E+00
2.39013672E-01, -1.50990987E+00
2.39257812E-01, -1.53339529E+00
2.39501953E-01, -1.55493081E+00
2.39746094E-01, -1.57817638E+00
2.39990234E-01, -1.59767234E+00
2.40234375E-01, -1.62069261E+00
2.40478516E-01, -1.63928211E+00
2.40722656E-01, -1.66117275E+00
2.40966797E-01, -1.67849135E+00
2.41210938E-01, -1.69868600E+00
2.41455078E-01, -1.71640313E+00
2.41699219E-01, -1.73464787E+00
2.41943359E-01, -1.75175595E+00
2.42187500E-01, -1.76927936E+00
2.42431641E-01, -1.78456783E+00
2.42675781E-01, -1.80056739E+00
2.42919922E-01, -1.81489432E+00
2.43164062E-01, -1.82914627E+00
2.43408203E-01, -1.84265220E+00
2.43652344E-01, -1.85572779E+00
2.43896484E-01, -1.86893797E+00
2.44140625E-01, -1.87955034E+00
2.44384766E-01, -1.89154017E+00
2.44628906E-01, -1.90173769E+00
2.44873047E-01, -1.91236997E+00
2.45117188E-01, -1.92020440E+00
2.45361328E-01, -1.92999387E+00
2.45605469E-01, -1.93698812E+00
2.45849609E-01, -1.94493377E+00
2.46093750E-01, -1.95122886E+00
2.46337891E-01, -1.95757484E+00
2.46582031E-01, -1.96274340E+00
2.46826172E-01, -1.96776438E+00
2.47070312E-01, -1.97124052E+00
2.47314453E-01, -1.97446489E+00
2.47558594E-01, -1.97767770E+00
2.47802734E-01, -1.97988856E+00
2.48046875E-01, -1.98168385E+00
2.48291016E-01, -1.98240757E+00
2.48535156E-01, -1.98279643E+00
2.48779297E-01, -1.98202026E+00
2.49023438E-01, -1.98138905E+00
2.49267578E-01, -1.97918785E+00
2.49511719E-01, -1.97762787E+00
2.49755859E-01, -1.97451663E+00
2.50000000E-01, -1.97114563E+00
2.50244141E-01, -1.96674001E+00
2.50488281E-01, -1.96192932E+00
2.50732422E-01, -1.95641208E+00
2.50976562E-01, -1.95026064E+00
2.51220703E-01, -1.94381416E+00
2.51464844E-01, -1.93589365E+00
2.51708984E-01, -1.92813349E+00
2.51953125E-01, -1.91908407E+00
2.52197266E-01, -1.91056907E+00
2.52441406E-01, -1.90001678E+00
2.52685547E-01, -1.89015162E+00
2.52929688E-01, -1.87862563E+00
2.53173828E-01, -1.86758173E+00
2.53417969E-01, -1.85496867E+00
2.53662109E-01, -1.84315920E+00
2.53906250E-01, -1.82932866E+00
2.54150391E-01, -1.81522787E+00
2.54394531E-01, -1.80026853E+00
2.54638672E-01, -1.78524363E+00
2.54882812E-01, -1.76930428E+00
2.55126953E-01, -1.75300467E+00
2.55371094E-01, -1.73621869E+00
2.55615234E-01, -1.71819282E+00
2.55859375E-01, -1.70105779E+00
2.56103516E-01, -1.68181825E+00
2.56347656E-01, -1.66347265E+00
2.56591797E-01, -1.64251637E+00
2.56835938E-01, -1.62300086E+00
2.57080078E-01, -1.60140598E+00
2.57324219E-01, -1.58113086E+00
2.57568359E-01, -1.55833328E+00
2.57812500E-01, -1.53748560E+00
2.58056641E-01, -1.51345026E+00
2.58300781E-01, -1.49138248E+00
2.58544922E-01, -1.46674049E+00
2.58789062E-01, -1.44373405E+00
2.59033203E-01, -1.41824067E+00
2.59277344E-01, -1.39420998E+00
2.59521484E-01, -1.36847341E+00
2.59765625E-01, -1.34313571E+00
2.60009766E-01, -1.31640267E+00
2.60253906E-01, -1.28948593E+00
2.60498047E-01, -1.26277840E+00
2.60742188E-01, -1.23483253E+00
2.60986328E-01, -1.20734775E+00
2.61230469E-01, -1.17811322E+00
2.61474609E-01, -1.15040016E+00
2.61718750E-01, -1.11964011E+00
2.61962891E-01, -1.09135699E+00
2.62207031E-01, -1.05971217E+00
2.62451172E-01, -1.03080428E+00
2.62695312E-01, -9.98640835E-01
2.62939453E-01, -9.68344390E-01
2.63183594E-01, -9.35706615E-01
2.63427734E-01, -9.05511320E-01
2.63671875E-01, -8.72630596E-01
2.63916016E-01, -8.42085421E-01
2.64160156E-01, -8.07540417E-01
2.64404297E-01, -7.76663601E-01
2.64648438E-01, -7.41463780E-01
2.64892578E-01, -7.09399521E-01
2.65136719E-01, -6.75238609E-01
2.65380859E-01, -6.42876208E-01
2.65625000E-01, -6.08203948E-01
2.65869141E-01, -5.74684620E-01
2.66113281E-01, -5.41067064E-01
2.66357422E-01, -5.05869865E-01
2.66601562E-01, -4.71699178E-01
2.66845703E-01, -4.34767812E-01
2.67089844E-01, -4.02114838E-01
2.67333984E-01, -3.63756746E-01
2.67578125E-01, -3.30309987E-01
2.67822266E-01, -2.93030918E-01
2.68066406E-01, -2.58413941E-01
2.68310547E-01, -2.20712245E-01
2.68554688E-01, -1.86149746E-01
2.68798828E-01, -1.49111211E-01
2.69042969E-01, -1.14138991E-01
2.69287109E-01, -7.77002051E-02
2.69531250E-01, -4.34288159E-02
2.69775391E-01, -4.89795813E-03
2.70019531E-01, 2.82962359E-02
2.70263672E-01, 6.88940734E-02
2.70507812E-01, 1.03302598E-01
2.70751953E-01, 1.39706299E-01
2.70996094E-01, 1.76094770E-01
2.71240234E-01, 2.10886851E-01
2.71484375E-01, 2.46609852E-01
2.71728516E-01, 2.82260507E-01
2.71972656E-01, 3.18339974E-01
2.72216797E-01, 3.52672398E-01
2.72460938E-01, 3.88949901E-01
2.72705078E-01, 4.22932953E-01
2.72949219E-01, 4.62201327E-01
2.73193359E-01, 4.93469477E-01
2.73437500E-01, 5.30709743E-01
2.73681641E-01, 5.62768638E-01
2.73925781E-01, 5.98005593E-01
2.74169922E-01, 6.30469441E-01
2.74414062E-01, 6.64355218E-01
2.74658203E-01, 6.96352839E-01
2.74902344E-01, 7.30827034E-01
2.75146484E-01, 7.62764513E-01
2.75390625E-01, 7.98776686E-01
2.75634766E-01, 8.29744637E-01
2.75878906E-01, 8.62247705E-01
2.76123047E-01, 8.92888367E-01
2.76367188E-01, 9.25354898E-01
2.76611328E-01, 9.56847250E-01
2.76855469E-01, 9.88248825E-01
2.77099609E-01, 1.01944661E+00
2.77343750E-01, 1.04960632E+00
2.77587891E-01, 1.08267009E+00
2.77832031E-01, 1.11074257E+00
2.78076172E-01, 1.14065361E+00
2.78320312E-01, 1.16919160E+00
2.78564453E-01, 1.19918942E+00
2.78808594E-01, 1.22576785E+00
2.79052734E-01, 1.25576031E+00
2.79296875E-01, 1.27974606E+00
2.79541016E-01, 1.30953634E+00
2.79785156E-01, 1.33397126E+00
2.80029297E-01, 1.36218834E+00
2.80273438E-01, 1.38711977E+00
2.80517578E-01, 1.41360581E+00
2.80761719E-01, 1.43840837E+00
2.81005859E-01, 1.46375251E+00
2.81250000E-01, 1.48822749E+00
2.81494141E-01, 1.51035154E+00
2.81738281E-01, 1.53360355E+00
2.81982422E-01, 1.55688262E+00
2.82226562E-01, 1.57916749E+00
2.82470703E-01, 1.60170364E+00
2.82714844E-01, 1.62323081E+00
2.82958984E-01, 1.64379299E+00
2.83203125E-01, 1.66517985E+00
2.83447266E-01, 1.68407321E+00
2.83691406E-01, 1.70436203E+00
2.83935547E-01, 1.72077930E+00
2.84179688E-01, 1.73962331E+00
2.84423828E-01, 1.75563478E+00
2.84667969E-01, 1.77311575E+00
2.84912109E-01, 1.78818607E+00
2.85156250E-01, 1.80453241E+00
2.85400391E-01, 1.81807077E+00
2.85644531E-01, 1.83225024E+00
2.85888672E-01, 1.84496176E+00
2.86132812E-01, 1.85865760E+00
2.86376953E-01, 1.87029457E+00
2.86621094E-01, 1.88162625E+00
2.86865234E-01, 1.89212692E+00
2.87109375E-01, 1.90378642E+00
2.87353516E-01, 1.91385555E+00
2.87597656E-01, 1.92324591E+00
2.87841797E-01, 1.93268394E+00
2.88085938E-01, 1.94045448E+00
2.88330078E-01, 1.94848537E+00
2.88574219E-01, 1.95463252E+00
2.88818359E-01, 1.96163535E+00
2.89062500E-01, 1.96689296E+00
2.89306641E-01, 1.97268057E+00
2.89550781E-01, 1.97605729E+00
2.89794922E-01, 1.98070240E+00
2.90039062E-01, 1.98334777E+00
2.90283203E-01, 1.98609626E+00
2.90527344E-01, 1.98793662E+00
2.90771484E-01, 1.98927629E+00
2.91015625E-01, 1.98994851E+00
2.91259766E-01, 1.99009514E+00
2.91503906E-01, 1.99011111E+00
2.91748047E-01, 1.98875201E+00
2.91992188E-01, 1.98721576E+00
2.92236328E-01, 1.98450089E+00
2.92480469E-01, 1.98172808E+00
2.92724609E-01, 1.97789526E+00
2.92968750E-01, 1.97373557E+00
2.93212891E-01, 1.96839583E+00
2.93457031E-01, 1.96405387E+00
2.93701172E-01, 1.95756173E+00
2.93945312E-01, 1.95068991E+00
2.94189453E-01, 1.94303691E+00
2.94433594E-01, 1.93465579E+00
2.94677734E-01, 1.92641604E+00
2.94921875E-01, 1.91667950E+00
2.95166016E-01, 1.90725279E+00
2.95410156E-01, 1.89592481E+00
2.95654297E-01, 1.88452160E+00
2.95898438E-01, 1.87156284E+00
2.96142578E-01, 1.85947812E+00
2.96386719E-01, 1.84605646E+00
2.96630859E-01, 1.83357584E+00
2.96875000E-01, 1.81866002E+00
2.97119141E-01, 1.80488575E+00
2.97363281E-01, 1.78862679E+00
2.97607422E-01, 1.77376342E+00
2.97851562E-01, 1.75572598E+00
2.98095703E-01, 1.73914886E+00
2.98339844E-01, 1.72177470E+00
2.98583984E-01, 1.70273530E+00
2.98828125E-01, 1.68423915E+00
2.99072266E-01, 1.66370022E+00
2.99316406E-01, 1.64440727E+00
2.99560547E-01, 1.62306070E+00
2.99804688E-01, 1.60364532E+00
3.00048828E-01, 1.58079302E+00
3.00292969E-01, 1.56001890E+00
3.00537109E-01, 1.53724277E+00
3.00781250E-01, 1.51502764E+00
3.01025391E-01, 1.49056518E+00
3.01269531E-01, 1.46760237E+00
3.01513672E-01, 1.44073999E+00
3.01757812E-01, 1.41726720E+00
3.02001953E-01, 1.38939238E+00
3.02246094E-01, 1.36484587E+00
3.02490234E-01, 1.33799124E+00
3.02734375E-01, 1.31117213E+00
3.02978516E-01, 1.28370237E+00
3.03222656E-01, 1.25560057E+00
3.03466797E-01, 1.22766495E+00
3.03710938E-01, 1.19864631E+00
3.03955078E-01, 1.16785944E+00
3.04199219E-01, 1.13898635E+00
3.04443359E-01, 1.10879540E+00
3.04687500E-01, 1.07483006E+00
3.04931641E-01, 1.04683411E+00
3.05175781E-01, 1.01177585E+00
3.05419922E-01, 9.83253241E-01
3.05664062E-01, 9.48261201E-01
3.05908203E-01, 9.17980492E-01
3.06152344E-01, 8.83529305E-01
3.06396484E-01, 8.51807237E-01
3.06640625E-01, 8.19597185E-01
3.06884766E-01, 7.86660314E-01
3.07128906E-01, 7.51561761E-01
3.07373047E-01, 7.20413983E-01
3.07617188E-01, 6.84748650E-01
3.07861328E-01, 6.51884139E-01
3.08105469E-01, 6.17802858E-01
3.08349609E-01, 5.83591521E-01
3.08593750E-01, 5.49359202E-01
3.08837891E-01, 5.14039516E-01
3.09082031E-01, 4.79408115E-01
3.09326172E-01, 4.43616152E-01
3.09570312E-01, 4.09602016E-01
3.09814453E-01, 3.69600713E-01
3.10058594E-01, 3.37083250E-01
3.10302734E-01, 2.97237068E-01
3.10546875E-01, 2.64061481E-01
3.10791016E-01, 2.27792963E-01
3.11035156E-01, 1.92660227E-01
3.11279297E-01, 1.55916736E-01
3.11523438E-01, 1.22783504E-01
3.11767578E-01, 8.36891606E-02
3.12011719E-01, 5.08822463E-02
3.12255859E-01, 1.07244952E-02
3.12500000E-01, -2.41070688E-02
3.12744141E-01, -6.04329593E-02
3.12988281E-01, -9.71011817E-02
3.13232422E-01, -1.30464002E-01
3.13476562E-01, -1.66552380E-01
3.13720703E-01, -2.01707572E-01
3.13964844E-01, -2.40468085E-01
3.14208984E-01, -2.73650646E-01
3.14453125E-01, -3.13166916E-01
3.14697266E-01, -3.46814454E-01
3.14941406E-01, -3.86373580E-01
3.15185547E-01, -4.18849736E-01
3.15429688E-01, -4.54033673E-01
3.15673828E-01, -4.88518924E-01
3.15917969E-01, -5.25422037E-01
3.16162109E-01, -5.58201253E-01
3.16406250E-01, -5.92659533E-01
3.16650391E-01, -6.25859082E-01
3.16894531E-01, -6.61799014E-01
3.17138672E-01, -6.93107426E-01
3.17382812E-01, -7.28933454E-01
3.17626953E-01, -7.60535955E-01
3.17871094E-01, -7.94735730E-01
3.18115234E-01, -8.27243149E-01
3.18359375E-01, -8.58457685E-01
3.18603516E-01, -8.92129898E-01
3.18847656E-01, -9.21892822E-01
3.19091797E-01, -9.55837905E-01
3.19335938E-01, -9.84662294E-01
3.19580078E-01, -1.01840091E+00
3.19824219E-01, -1.04671204E+00
3.20068359E-01, -1.07959831E+00
3.20312500E-01, -1.10747397E+00
3.20556641E-01, -1.13854599E+00
3.20800781E-01, -1.16522861E+00
3.21044922E-01, -1.19562006E+00
3.21289062E-01, -1.22208464E+00
3.21533203E-01, -1.25122416E+00
3.21777344E-01, -1.27753115E+00
3.22021484E-01, -1.30503273E+00
3.22265625E-01, -1.33095860E+00
3.22509766E-01, -1.35672545E+00
3.22753906E-01, -1.38281357E+00
3.22998047E-01, -1.40658748E+00
3.23242188E-01, -1.43167508E+00
3.23486328E-01, -1.45500660E+00
3.23730469E-01, -1.47983181E+00
3.23974609E-01, -1.50270844E+00
3.24218750E-01, -1.52701676E+00
3.24462891E-01, -1.54781103E+00
3.24707031E-01, -1.57172287E+00
3.24951172E-01, -1.59103620E+00
3.25195312E-01, -1.61400259E+00
3.25439453E-01, -1.63334560E+00
3.25683594E-01, -1.65512776E+00
3.25927734E-01, -1.67293155E+00
3.26171875E-01, -1.69296527E+00
3.26416016E-01, -1.71106565E+00
3.26660156E-01, -1.72909713E+00
3.26904297E-01, -1.74699450E+00
3.27148438E-01, -1.76421523E+00
3.27392578E-01, -1.78014255E+00
3.27636719E-01, -1.79618216E+00
3.27880859E-01, -1.81083226E+00
3.28125000E-01, -1.82500517E+00
3.28369141E-01, -1.83976221E+00
3.28613281E-01, -1.85112596E+00
3.28857422E-01, -1.86476183E+00
3.29101562E-01, -1.87607574E+00
3.29345703E-01, -1.88881803E+00
3.29589844E-01, -1.89885163E+00
3.29833984E-01, -1.90962172E+00
3.30078125E-01, -1.91807735E+00
3.30322266E-01, -1.92776465E+00
3.30566406E-01, -1.93518305E+00
3.30810547E-01, -1.94310653E+00
3.31054688E-01, -1.94987476E+00
3.31298828E-01, -1.95679891E+00
3.31542969E-01, -1.96220922E+00
3.31787109E-01, -1.96678925E+00
3.32031250E-01, -1.97107613E+00
3.32275391E-01, -1.97484767E+00
3.32519531E-01, -1.97877252E+00
3.32763672E-01, -1.98120034E+00
3.33007812E-01, -1.98306406E+00
3.33251953E-01, -1.98373163E+00
3.33496094E-01, -1.98487806E+00
3.33740234E-01, -1.98401737E+00
3.33984375E-01, -1.98386538E+00
3.34228516E-01, -1.98215437E+00
3.34472656E-01, -1.98024368E+00
3.34716797E-01, -1.97749066E+00
3.34960938E-01, -1.97402108E+00
3.35205078E-01, -1.96992266E+00
3.35449219E-01, -1.96524167E+00
3.35693359E-01, -1.96032548E+00
3.35937500E-01, -1.95402825E+00
3.36181641E-01, -1.94765532E+00
3.36425781E-01, -1.94026470E+00
3.36669922E-01, -1.93330908E+00
3.36914062E-01, -1.92455971E+00
3.37158203E-01, -1.91619349E+00
3.37402344E-01, -1.90581262E+00
3.37646484E-01, -1.89575183E+00
3.37890625E-01, -1.88449180E+00
3.38134766E-01, -1.87380886E+00
3.38378906E-01, -1.86162388E+00
3.38623047E-01, -1.84968352E+00
3.38867188E-01, -1.83651245E+00
3.39111328E-01, -1.82257926E+00
3.39355469E-01, -1.80841410E+00
3.39599609E-01, -1.79311442E+00
3.39843750E-01, -1.77795053E+00
3.40087891E-01, -1.76131225E+00
3.40332031E-01, -1.74496567E+00
3.40576172E-01, -1.72722471E+00
3.40820312E-01, -1.71061349E+00
3.41064453E-01, -1.69098580E+00
3.41308594E-01, -1.67289317E+00
3.41552734E-01, -1.65236425E+00
3.41796875E-01, -1.63302565E+00
3.42041016E-01, -1.61114800E+00
3.42285156E-01, -1.59123218E+00
3.42529297E-01, -1.56862724E+00
3.42773438E-01, -1.54754603E+00
3.43017578E-01, -1.52412558E+00
3.43261719E-01, -1.50171316E+00
3.43505859E-01, -1.47753382E+00
3.43750000E-01, -1.45446837E+00
3.43994141E-01, -1.42966259E+00
3.44238281E-01, -1.40437150E+00
3.44482422E-01, -1.37930262E+00
3.44726562E-01, -1.35359526E+00
3.44970703E-01, -1.32774544E+00
3.45214844E-01, -1.30071020E+00
3.45458984E-01, -1.27523422E+00
3.45703125E-01, -1.24678648E+00
3.45947266E-01, -1.21979320E+00
3.46191406E-01, -1.19102085E+00
3.46435547E-01, -1.16403162E+00
3.46679688E-01, -1.13223636E+00
3.46923828E-01, -1.10435402E+00
3.47167969E-01, -1.07297242E+00
3.47412109E-01, -1.04395592E+00
3.47656250E-01, -1.01151502E+00
3.47900391E-01, -9.81788218E-01
3.48144531E-01, -9.49832618E-01
3.48388672E-01, -9.19037104E-01
3.48632812E-01, -8.86727989E-01
3.48876953E-01, -8.55873048E-01
3.49121094E-01, -8.21546495E-01
3.49365234E-01, -7.90660858E-01
3.49609375E-01, -7.56655216E-01
3.49853516E-01, -7.23667443E-01
3.50097656E-01, -6.90307796E-01
3.50341797E-01, -6.56875253E-01
3.50585938E-01, -6.23132765E-01
3.50830078E-01, -5.88372290E-01
3.51074219E-01, -5.56282282E-01
3.51318359E-01, -5.20496190E-01
3.51562500E-01, -4.87257510E-01
3.51806641E-01, -4.48988557E-01
3.52050781E-01, -4.17165726E-01
3.52294922E-01, -3.79146248E-01
3.52539062E-01, -3.45357776E-01
3.52783203E-01, -3.08503032E-01
3.53027344E-01, -2.73530722E-01
3.53271484E-01, -2.35630646E-01
3.53515625E-01, -2.01176941E-01
3.53759766E-01, -1.64636567E-01
3.54003906E-01, -1.29557148E-01
3.54248047E-01, -9.27748829E-02
3.54492188E-01, -5.79691790E-02
3.54736328E-01, -2.06846036E-02
3.54980469E-01, 1.25513310E-02
3.55224609E-01, 5.22127487E-02
3.55468750E-01, 8.83511081E-02
3.55712891E-01, 1.23522103E-01
3.55957031E-01, 1.60787985E-01
3.56201172E-01, 1.94969073E-01
3.56445312E-01, 2.32646435E-01
3.56689453E-01, 2.66726077E-01
3.56933594E-01, 3.03011507E-01
3.57177734E-01, 3.37521464E-01
3.57421875E-01, 3.74620914E-01
3.57666016E-01, 4.07213062E-01
3.57910156E-01, 4.47505951E-01
3.58154297E-01, 4.78555828E-01
3.58398438E-01, 5.15291512E-01
3.58642578E-01, 5.48566341E-01
3.58886719E-01, 5.83701730E-01
3.59130859E-01, 6.16454244E-01
3.59375000E-01, 6.48439169E-01
3.59619141E-01, 6.81021214E-01
3.59863281E-01, 7.17417598E-01
3.60107422E-01, 7.48431206E-01
3.60351562E-01, 7.82042682E-01
3.60595703E-01, 8.14887643E-01
3.60839844E-01, 8.47525835E-01
3.61083984E-01, 8.79952788E-01
3.61328125E-01, 9.10152733E-01
3.61572266E-01, 9.42429960E-01
3.61816406E-01, 9.73443270E-01
3.62060547E-01, 1.00571835E+00
3.62304688E-01, 1.03468931E+00
3.62548828E-01, 1.06717408E+00
3.62792969E-01, 1.09585404E+00
3.63037109E-01, 1.12732017E+00
3.63281250E-01, 1.15523636E+00
3.63525391E-01, 1.18594551E+00
3.63769531E-01, 1.21266961E+00
3.64013672E-01, 1.24186146E+00
3.64257812E-01, 1.26643598E+00
3.64501953E-01, 1.29618025E+00
3.64746094E-01, 1.32140625E+00
3.64990234E-01, 1.34951854E+00
3.65234375E-01, 1.37479174E+00
3.65478516E-01, 1.40092957E+00
3.65722656E-01, 1.42683053E+00
3.65966797E-01, 1.45115697E+00
3.66210938E-01, 1.47641456E+00
3.66455078E-01, 1.49963546E+00
3.66699219E-01, 1.52422094E+00
3.66943359E-01, 1.54660666E+00
3.67187500E-01, 1.57037663E+00
3.67431641E-01, 1.59173512E+00
3.67675781E-01, 1.61315536E+00
3.67919922E-01, 1.63323724E+00
3.68164062E-01, 1.65592194E+00
3.68408203E-01, 1.67447472E+00
3.68652344E-01, 1.69433498E+00
3.68896484E-01, 1.71165848E+00
3.69140625E-01, 1.73025751E+00
3.69384766E-01, 1.74644601E+00
3.69628906E-01, 1.76366901E+00
3.69873047E-01, 1.77825320E+00
3.70117188E-01, 1.79471517E+00
3.70361328E-01, 1.80904734E+00
3.70605469E-01, 1.82304537E+00
3.70849609E-01, 1.83565617E+00
3.71093750E-01, 1.84792638E+00
3.71337891E-01, 1.85978651E+00
3.71582031E-01, 1.87241399E+00
3.71826172E-01, 1.88382804E+00
3.72070312E-01, 1.89382029E+00
3.72314453E-01, 1.90373695E+00
3.72558594E-01, 1.91283572E+00
3.72802734E-01, 1.92245126E+00
3.73046875E-01, 1.93007088E+00
3.73291016E-01, 1.93818974E+00
3.73535156E-01, 1.94420445E+00
3.73779297E-01, 1.95190036E+00
3.74023438E-01, 1.95737731E+00
3.74267578E-01, 1.96307802E+00
3.74511719E-01, 1.96721923E+00
3.74755859E-01, 1.97193944E+00
3.75000000E-01, 1.97519553E+00
3.75244141E-01, 1.97879887E+00
3.75488281E-01, 1.98170412E+00
3.75732422E-01, 1.98346448E+00
3.75976562E-01, 1.98446250E+00
3.76220703E-01, 1.98510277E+00
3.76464844E-01, 1.98581922E+00
3.76708984E-01, 1.98517263E+00
3.76953125E-01, 1.98432100E+00
3.77197266E-01, 1.98209620E+00
3.77441406E-01, 1.98016798E+00
3.77685547E-01, 1.97657919E+00
3.77929688E-01, 1.97265756E+00
3.78173828E-01, 1.96718705E+00
3.78417969E-01, 1.96238387E+00
3.78662109E-01, 1.95616102E+00
3.78906250E-01, 1.94903421E+00
3.79150391E-01, 1.94184589E+00
3.79394531E-01, 1.93349171E+00
3.79638672E-01, 1.92499292E+00
3.79882812E-01, 1.91456163E+00
3.80126953E-01, 1.90565538E+00
3.80371094E-01, 1.89466238E+00
3.80615234E-01, 1.88349485E+00
3.80859375E-01, 1.87040460E+00
3.81103516E-01, 1.85811675E+00
3.81347656E-01, 1.84483480E+00
3.81591797E-01, 1.83254659E+00
3.81835938E-01, 1.81750393E+00
3.82080078E-01, 1.80381167E+00
3.82324219E-01, 1.78856623E+00
3.82568359E-01, 1.77324450E+00
3.82812500E-01, 1.75632274E+00
3.83056641E-01, 1.73896480E+00
3.83300781E-01, 1.72229958E+00
3.83544922E-01, 1.70317042E+00
3.83789062E-01, 1.68524265E+00
3.84033203E-01, 1.66446793E+00
3.84277344E-01, 1.64555109E+00
3.84521484E-01, 1.62352765E+00
3.84765625E-01, 1.60349417E+00
3.85009766E-01, 1.58008456E+00
3.85253906E-01, 1.55924475E+00
3.85498047E-01, 1.53597808E+00
3.85742188E-01, 1.51402771E+00
3.85986328E-01, 1.49000955E+00
3.86230469E-01, 1.46715128E+00
3.86474609E-01, 1.44156384E+00
3.86718750E-01, 1.41761446E+00
3.86962891E-01, 1.39082432E+00
3.87207031E-01, 1.36530709E+00
3.87451172E-01, 1.33770621E+00
3.87695312E-01, 1.30996561E+00
3.87939453E-01, 1.28399467E+00
3.88183594E-01, 1.25517452E+00
3.88427734E-01, 1.22844744E+00
3.88671875E-01, 1.20012677E+00
3.88916016E-01, 1.17106605E+00
3.89160156E-01, 1.14130640E+00
3.89404297E-01, 1.11215520E+00
3.89648438E-01, 1.07764637E+00
3.89892578E-01, 1.04998171E+00
3.90136719E-01, 1.01493227E+00
3.90380859E-01, 9.85870600E-01
3.90625000E-01, 9.51220989E-01
3.90869141E-01, 9.20208871E-01
3.91113281E-01, 8.86908233E-01
3.91357422E-01, 8.54809701E-01
3.91601562E-01, 8.23092759E-01
3.91845703E-01, 7.90616393E-01
3.92089844E-01, 7.55291998E-01
3.92333984E-01, 7.22386897E-01
3.92578125E-01, 6.88191473E-01
3.92822266E-01, 6.53819501E-01
3.93066406E-01, 6.20986819E-01
3.93310547E-01, 5.86008251E-01
3.93554688E-01, 5.53015113E-01
3.93798828E-01, 5.17640352E-01
3.94042969E-01, 4.82359648E-01
3.94287109E-01, 4.44022149E-01
3.94531250E-01, 4.12022978E-01
3.94775391E-01, 3.71572822E-01
3.95019531E-01, 3.38892579E-01
3.95263672E-01, 3.00037801E-01
3.95507812E-01, 2.65851974E-01
3.95751953E-01, 2.29067907E-01
3.95996094E-01, 1.94114536E-01
3.96240234E-01, 1.58438563E-01
3.96484375E-01, 1.24134995E-01
3.96728516E-01, 8.56870636E-02
3.96972656E-01, 5.20272553E-02
3.97216797E-01, 1.44964447E-02
3.97460938E-01, -2.09913068E-02
3.97705078E-01, -5.63009530E-02
3.97949219E-01, -9.32404399E-02
3.98193359E-01, -1.27048492E-01
3.98437500E-01, -1.66519061E-01
3.98681641E-01, -1.98345155E-01
3.98925781E-01, -2.37386346E-01
3.99169922E-01, -2.70932287E-01
3.99414062E-01, -3.08283061E-01
3.99658203E-01, -3.42193991E-01
3.99902344E-01, -3.82138789E-01
4.00146484E-01, -4.14990962E-01
4.00390625E-01, -4.51578856E-01
4.00634766E-01, -4.85545725E-01
4.00878906E-01, -5.22902966E-01
4.01123047E-01, -5.57283938E-01
4.01367188E-01, -5.90079844E-01
4.01611328E-01, -6.24607563E-01
4.01855469E-01, -6.59541011E-01
4.02099609E-01, -6.91579223E-01
4.02343750E-01, -7.26468325E-01
4.02587891E-01, -7.59245455E-01
4.02832031E-01, -7.92472661E-01
4.03076172E-01, -8.26279879E-01
4.03320312E-01, -8.55923593E-01
4.03564453E-01, -8.90383840E-01
4.03808594E-01, -9.19942319E-01
4.04052734E-01, -9.54532325E-01
4.04296875E-01, -9.82587099E-01
4.04541016E-01, -1.01675200E+00
4.04785156E-01, -1.04550803E+00
4.05029297E-01, -1.07811356E+00
4.05273438E-01, -1.10558414E+00
4.05517578E-01, -1.13643861E+00
4.05761719E-01, -1.16425598E+00
4.06005859E-01, -1.19354904E+00
4.06250000E-01, -1.22078884E+00
4.06494141E-01, -1.24905014E+00
4.06738281E-01, -1.27666819E+00
4.06982422E-01, -1.30324364E+00
4.07226562E-01, -1.33071685E+00
4.07470703E-01, -1.35549009E+00
4.07714844E-01, -1.38241065E+00
4.07958984E-01, -1.40662336E+00
4.08203125E-01, -1.43216705E+00
4.08447266E-01, -1.45563519E+00
4.08691406E-01, -1.48143160E+00
4.08935547E-01, -1.50342739E+00
4.09179688E-01, -1.52861619E+00
4.09423828E-01, -1.54951298E+00
4.09667969E-01, -1.57360852E+00
4.09912109E-01, -1.59358859E+00
4.10156250E-01, -1.61707246E+00
4.10400391E-01, -1.63676298E+00
4.10644531E-01, -1.65748799E+00
4.10888672E-01, -1.67676008E+00
4.11132812E-01, -1.69625688E+00
4.11376953E-01, -1.71500921E+00
4.11621094E-01, -1.73276818E+00
4.11865234E-01, -1.75068569E+00
4.12109375E-01, -1.76743221E+00
4.12353516E-01, -1.78336215E+00
4.12597656E-01, -1.79905999E+00
4.12841797E-01, -1.81523526E+00
4.13085938E-01, -1.82815003E+00
4.13330078E-01, -1.84339702E+00
4.13574219E-01, -1.85588884E+00
4.13818359E-01, -1.86971128E+00
4.14062500E-01, -1.88062239E+00
4.14306641E-01, -1.89341724E+00
4.14550781E-01, -1.90327656E+00
4.14794922E-01, -1.91421878E+00
4.15039062E-01, -1.92320967E+00
4.15283203E-01, -1.93249094E+00
4.15527344E-01, -1.94077945E+00
4.15771484E-01, -1.94903719E+00
4.16015625E-01, -1.95566761E+00
4.16259766E-01, -1.96173525E+00
4.16503906E-01, -1.96810579E+00
4.16748047E-01, -1.97364998E+00
4.16992188E-01, -1.97851014E+00
4.17236328E-01, -1.98200583E+00
4.17480469E-01, -1.98572946E+00
4.17724609E-01, -1.98770547E+00
4.17968750E-01, -1.99053609E+00
4.18212891E-01, -1.99147272E+00
4.18457031E-01, -1.99243426E+00
4.18701172E-01, -1.99183714E+00
4.18945312E-01, -1.99172044E+00
4.19189453E-01, -1.99053574E+00
4.19433594E-01, -1.98852539E+00
4.19677734E-01, -1.98598242E+00
4.19921875E-01, -1.98285222E+00
4.20166016E-01, -1.97932637E+00
4.20410156E-01, -1.97470057E+00
4.20654297E-01, -1.97000992E+00
4.20898438E-01, -1.96379101E+00
4.21142578E-01, -1.95765984E+00
4.21386719E-01, -1.95026600E+00
4.21630859E-01, -1.94333887E+00
4.21875000E-01, -1.93430626E+00
4.22119141E-01, -1.92564845E+00
4.22363281E-01, -1.91571605E+00
4.22607422E-01, -1.90597785E+00
4.22851562E-01, -1.89521444E+00
4.23095703E-01, -1.88427877E+00
4.23339844E-01, -1.87234807E+00
4.23583984E-01, -1.85980225E+00
4.23828125E-01, -1.84742498E+00
4.24072266E-01, -1.83331490E+00
4.24316406E-01, -1.81934607E+00
4.24560547E-01, -1.80374968E+00
4.24804688E-01, -1.78849983E+00
4.25048828E-01, -1.77184653E+00
4.25292969E-01, -1.75619805E+00
4.25537109E-01, -1.73821878E+00
4.25781250E-01, -1.72171891E+00
4.26025391E-01, -1.70277011E+00
4.26269531E-01, -1.68523562E+00
4.26513672E-01, -1.66454864E+00
4.26757812E-01, -1.64522862E+00
4.27001953E-01, -1.62368727E+00
4.27246094E-01, -1.60376668E+00
4.27490234E-01, -1.58172584E+00
4.27734375E-01, -1.55992544E+00
4.27978516E-01, -1.53712714E+00
4.28222656E-01, -1.51448190E+00
4.28466797E-01, -1.49131930E+00
4.28710938E-01, -1.46728444E+00
4.28955078E-01, -1.44318187E+00
4.29199219E-01, -1.41829097E+00
4.29443359E-01, -1.39392185E+00
4.29687500E-01, -1.36732209E+00
4.29931641E-01, -1.34199476E+00
4.30175781E-01, -1.31446052E+00
4.30419922E-01, -1.28902352E+00
4.30664062E-01, -1.26019764E+00
4.30908203E-01, -1.23386383E+00
4.31152344E-01, -1.20408428E+00
4.31396484E-01, -1.17751372E+00
4.31640625E-01, -1.14657068E+00
4.31884766E-01, -1.11825681E+00
4.32128906E-01, -1.08703923E+00
4.32373047E-01, -1.05722857E+00
4.32617188E-01, -1.02563357E+00
4.32861328E-01, -9.95895386E-01
4.33105469E-01, -9.63717282E-01
4.33349609E-01, -9.32460904E-01
4.33593750E-01, -9.00140107E-01
4.33837891E-01, -8.69228244E-01
4.34082031E-01, -8.36172104E-01
4.34326172E-01, -8.03577483E-01
4.34570312E-01, -7.69954383E-01
4.34814453E-01, -7.36193895E-01
4.35058594E-01, -7.04216719E-01
4.35302734E-01, -6.70103908E-01
4.35546875E-01, -6.37361944E-01
4.35791016E-01, -6.01535857E-01
4.36035156E-01, -5.70148349E-01
4.36279297E-01, -5.33593416E-01
4.36523438E-01, -5.01093507E-01
4.36767578E-01, -4.62709188E-01
4.37011719E-01, -4.30674851E-01
4.37255859E-01, -3.93231988E-01
4.37500000E-01, -3.59032512E-01
4.37744141E-01, -3.22323561E-01
4.37988281E-01, -2.86832362E-01
4.38232422E-01, -2.49880314E-01
4.38476562E-01, -2.14844108E-01
4.38720703E-01, -1.79059446E-01
4.38964844E-01, -1.43525198E-01
4.39208984E-01, -1.06504604E-01
4.39453125E-01, -7.14404061E-02
4.39697266E-01, -3.33989188E-02
4.39941406E-01, 1.78716867E-03
4.40185547E-01, 3.89146060E-02
4.40429688E-01, 7.69189745E-02
4.40673828E-01, 1.10369675E-01
4.40917969E-01, 1.47943288E-01
4.41162109E-01, 1.82405785E-01
4.41406250E-01, 2.19658390E-01
4.41650391E-01, 2.53647506E-01
4.41894531E-01, 2.92626023E-01
4.42138672E-01, 3.24811220E-01
4.42382812E-01, 3.64006191E-01
4.42626953E-01, 3.96634638E-01
4.42871094E-01, 4.35671896E-01
4.43115234E-01, 4.69472468E-01
4.43359375E-01, 5.03025174E-01
4.43603516E-01, 5.37329614E-01
4.43847656E-01, 5.71617424E-01
4.44091797E-01, 6.04618847E-01
4.44335938E-01, 6.38322532E-01
4.44580078E-01, 6.70148253E-01
4.44824219E-01, 7.05318570E-01
4.45068359E-01, 7.37723947E-01
4.45312500E-01, 7.70412743E-01
4.45556641E-01, 8.03657293E-01
4.45800781E-01, 8.35502684E-01
4.46044922E-01, 8.69811714E-01
4.46289062E-01, 8.98922205E-01
4.46533203E-01, 9.32372093E-01
4.46777344E-01, 9.62799430E-01
4.47021484E-01, 9.95184481E-01
4.47265625E-01, 1.02451098E+00
4.47509766E-01, 1.05710196E+00
4.47753906E-01, 1.08540213E+00
4.47998047E-01, 1.11744142E+00
4.48242188E-01, 1.14521635E+00
4.48486328E-01, 1.17626023E+00
4.48730469E-01, 1.20389771E+00
4.48974609E-01, 1.23363876E+00
4.49218750E-01, 1.25943947E+00
4.49462891E-01, 1.28763664E+00
4.49707031E-01, 1.31374586E+00
4.49951172E-01, 1.34086466E+00
4.50195312E-01, 1.36680794E+00
4.50439453E-01, 1.39249134E+00
4.50683594E-01, 1.41842365E+00
4.50927734E-01, 1.44243610E+00
4.51171875E-01, 1.46954429E+00
4.51416016E-01, 1.49223006E+00
4.51660156E-01, 1.51675546E+00
4.51904297E-01, 1.53868651E+00
4.52148438E-01, 1.56317246E+00
4.52392578E-01, 1.58401847E+00
4.52636719E-01, 1.60677564E+00
4.52880859E-01, 1.62652385E+00
4.53125000E-01, 1.64808750E+00
4.53369141E-01, 1.66711783E+00
4.53613281E-01, 1.68661368E+00
4.53857422E-01, 1.70510697E+00
4.54101562E-01, 1.72370744E+00
4.54345703E-01, 1.73992312E+00
4.54589844E-01, 1.75787997E+00
4.54833984E-01, 1.77310729E+00
4.55078125E-01, 1.78952634E+00
4.55322266E-01, 1.80394876E+00
4.55566406E-01, 1.81829047E+00
4.55810547E-01, 1.83240378E+00
4.56054688E-01, 1.84486365E+00
4.56298828E-01, 1.85699534E+00
4.56542969E-01, 1.86934209E+00
4.56787109E-01, 1.88183904E+00
4.57031250E-01, 1.89193118E+00
4.57275391E-01, 1.90311933E+00
4.57519531E-01, 1.91255093E+00
4.57763672E-01, 1.92269576E+00
4.58007812E-01, 1.93039429E+00
4.58251953E-01, 1.93942106E+00
4.58496094E-01, 1.94575417E+00
4.58740234E-01, 1.95327842E+00
4.58984375E-01, 1.95948207E+00
4.59228516E-01, 1.96538639E+00
4.59472656E-01, 1.96950984E+00
4.59716797E-01, 1.97447848E+00
4.59960938E-01, 1.97830331E+00
4.60205078E-01, 1.98146343E+00
4.60449219E-01, 1.98469710E+00
4.60693359E-01, 1.98638940E+00
4.60937500E-01, 1.98824525E+00
4.61181641E-01, 1.98867595E+00
4.61425781E-01, 1.98890948E+00
4.61669922E-01, 1.98822582E+00
4.61914062E-01, 1.98785079E+00
4.62158203E-01, 1.98595631E+00
4.62402344E-01, 1.98379052E+00
4.62646484E-01, 1.98024392E+00
4.62890625E-01, 1.97648752E+00
4.63134766E-01, 1.97130692E+00
4.63378906E-01, 1.96643054E+00
4.63623047E-01, 1.96079254E+00
4.63867188E-01, 1.95344400E+00
4.64111328E-01, 1.94667947E+00
4.64355469E-01, 1.93831456E+00
4.64599609E-01, 1.93037665E+00
4.64843750E-01, 1.92042458E+00
4.65087891E-01, 1.91137815E+00
4.65332031E-01, 1.90065253E+00
4.65576172E-01, 1.89001334E+00
4.65820312E-01, 1.87747514E+00
4.66064453E-01, 1.86583710E+00
4.66308594E-01, 1.85315573E+00
4.66552734E-01, 1.84038937E+00
4.66796875E-01, 1.82592154E+00
4.67041016E-01, 1.81186509E+00
4.67285156E-01, 1.79681885E+00
4.67529297E-01, 1.78089130E+00
4.67773438E-01, 1.76526237E+00
4.68017578E-01, 1.74843407E+00
4.68261719E-01, 1.73200619E+00
4.68505859E-01, 1.71230948E+00
4.68750000E-01, 1.69536865E+00
4.68994141E-01, 1.67453206E+00
4.69238281E-01, 1.65603173E+00
4.69482422E-01, 1.63468432E+00
4.69726562E-01, 1.61529160E+00
4.69970703E-01, 1.59224701E+00
4.70214844E-01, 1.57052505E+00
4.70458984E-01, 1.54765546E+00
4.70703125E-01, 1.52572227E+00
4.70947266E-01, 1.50235271E+00
4.71191406E-01, 1.47972000E+00
4.71435547E-01, 1.45510876E+00
4.71679688E-01, 1.43043184E+00
4.71923828E-01, 1.40440965E+00
4.72167969E-01, 1.37842786E+00
4.72412109E-01, 1.35263169E+00
4.72656250E-01, 1.32459712E+00
4.72900391E-01, 1.29951918E+00
4.73144531E-01, 1.26983082E+00
4.73388672E-01, 1.24321914E+00
4.73632812E-01, 1.21488714E+00
4.73876953E-01, 1.18521059E+00
4.74121094E-01, 1.15458643E+00
4.74365234E-01, 1.12699330E+00
4.74609375E-01, 1.09326899E+00
4.74853516E-01, 1.06566072E+00
4.75097656E-01, 1.02881169E+00
4.75341797E-01, 9.99575615E-01
4.75585938E-01, 9.67893362E-01
4.75830078E-01, 9.35536742E-01
4.76074219E-01, 9.03863430E-01
4.76318359E-01, 8.70535076E-01
4.76562500E-01, 8.37707877E-01
4.76806641E-01, 8.05045545E-01
4.77050781E-01, 7.70569801E-01
4.77294922E-01, 7.36741006E-01
4.77539062E-01, 7.04932392E-01
4.77783203E-01, 6.70271754E-01
4.78027344E-01, 6.38325632E-01
4.78271484E-01, 6.02436125E-01
4.78515625E-01, 5.69491386E-01
4.78759766E-01, 5.33153296E-01
4.79003906E-01, 5.00251174E-01
4.79248047E-01, 4.62963343E-01
4.79492188E-01, 4.30418521E-01
4.79736328E-01, 3.88618767E-01
4.79980469E-01, 3.56238008E-01
4.80224609E-01, 3.18962902E-01
4.80468750E-01, 2.83290446E-01
4.80712891E-01, 2.49305949E-01
4.80957031E-01, 2.13289902E-01
4.81201172E-01, 1.76072136E-01
4.81445312E-01, 1.41793624E-01
4.81689453E-01, 1.04418322E-01
4.81933594E-01, 6.96434751E-02
4.82177734E-01, 3.35609205E-02
4.82421875E-01, -4.06314200E-03
4.82666016E-01, -3.80713083E-02
4.82910156E-01, -7.76244327E-02
4.83154297E-01, -1.08718351E-01
4.83398438E-01, -1.48628414E-01
4.83642578E-01, -1.81424245E-01
4.83886719E-01, -2.18918711E-01
4.84130859E-01, -2.53000081E-01
4.84375000E-01, -2.90498406E-01
4.84619141E-01, -3.24782133E-01
4.84863281E-01, -3.64911377E-01
4.85107422E-01, -3.98149014E-01
4.85351562E-01, -4.33343709E-01
4.85595703E-01, -4.68861252E-01
4.85839844E-01, -5.04859388E-01
4.86083984E-01, -5.39995015E-01
4.86328125E-01, -5.72541177E-01
4.86572266E-01, -6.07032537E-01
4.86816406E-01, -6.41289055E-01
4.87060547E-01, -6.74356401E-01
4.87304688E-01, -7.08213568E-01
4.87548828E-01, -7.42540598E-01
4.87792969E-01, -7.74360120E-01
4.88037109E-01, -8.09125125E-01
4.88281250E-01, -8.38915527E-01
4.88525391E-01, -8.74357462E-01
4.88769531E-01, -9.02763069E-01
4.89013672E-01, -9.37741041E-01
4.89257812E-01, -9.66294527E-01
4.89501953E-01, -9.99862969E-01
4.89746094E-01, -1.02882433E+00
4.89990234E-01, -1.06045127E+00
4.90234375E-01, -1.08971894E+00
4.90478516E-01, -1.11995089E+00
4.90722656E-01, -1.14886773E+00
4.90966797E-01, -1.17744052E+00
4.91210938E-01, -1.20553243E+00
4.91455078E-01, -1.23321366E+00
4.91699219E-01, -1.26167703E+00
4.91943359E-01, -1.28743279E+00
4.92187500E-01, -1.31560659E+00
4.92431641E-01, -1.33993566E+00
4.92675781E-01, -1.36794555E+00
4.92919922E-01, -1.39146495E+00
4.93164062E-01, -1.41756225E+00
4.93408203E-01, -1.44069624E+00
4.93652344E-01, -1.46620536E+00
4.93896484E-01, -1.48812735E+00
4.94140625E-01, -1.51321709E+00
4.94384766E-01, -1.53482258E+00
4.94628906E-01, -1.55879474E+00
4.94873047E-01, -1.57902431E+00
4.95117188E-01, -1.60129035E+00
4.95361328E-01, -1.62140489E+00
4.95605469E-01, -1.64248085E+00
4.95849609E-01, -1.66291392E+00
4.96093750E-01, -1.68131518E+00
4.96337891E-01, -1.70081639E+00
4.96582031E-01, -1.71838474E+00
4.96826172E-01, -1.73656154E+00
4.97070312E-01, -1.75282240E+00
4.97314453E-01, -1.77008128E+00
4.97558594E-01, -1.78567553E+00
4.97802734E-01, -1.80236387E+00
4.98046875E-01, -1.81486511E+00
4.98291016E-01, -1.83013117E+00
4.98535156E-01, -1.84316933E+00
4.98779297E-01, -1.85727119E+00
4.99023438E-01, -1.86861551E+00
4.99267578E-01, -1.88130379E+00
4.99511719E-01, -1.89153993E+00
4.99755859E-01, -1.90226448E+00
