Label:, CH1: Power Spectrum
DateTime:, Wed Jan  1 00:08:20 2003
DataKind:, CH1, PowerSpec, Mag
DataPoints:, 802
DataCalc:
Frequency:, 0.000 , 1600.000, Hz
Sample:, 2048, Internal
Average:, 0, Power/Sum
Voltage(CH1):, 10.000, dBVrms
EU/V(CH1):, 1.000E+00
Window(CH1):, Hann
X-AxisScale:, Lin
X-AxisUnit:, Hz
Y-AxisScale:, Log
Y-AxisUnit:, V
Y-AxisMagniude:, rms
0.00000000E+00, -7.80662758E+01
2.00000000E+00, -5.57497616E+01
4.00000000E+00, -4.48692771E+01
6.00000000E+00, -5.27276375E+01
8.00000000E+00, -3.71140184E+01
1.00000000E+01, -1.00271852E+01
1.20000000E+01, -5.53980406E+00
1.40000000E+01, -1.31858342E+01
1.60000000E+01, -4.14366778E+01
1.80000000E+01, -5.29854613E+01
2.00000000E+01, -5.98145640E+01
2.20000000E+01, -6.46350321E+01
2.40000000E+01, -5.49417625E+01
2.60000000E+01, -6.81003009E+01
2.80000000E+01, -8.16157298E+01
3.00000000E+01, -7.37336896E+01
3.20000000E+01, -8.23829832E+01
3.40000000E+01, -6.05857169E+01
3.60000000E+01, -5.80876670E+01
3.80000000E+01, -6.95337852E+01
4.00000000E+01, -8.55549333E+01
4.20000000E+01, -8.23527135E+01
4.40000000E+01, -7.66765901E+01
4.60000000E+01, -6.30959560E+01
4.80000000E+01, -6.34992376E+01
5.00000000E+01, -7.65511284E+01
5.20000000E+01, -8.45304746E+01
5.40000000E+01, -8.71177076E+01
5.60000000E+01, -7.90811627E+01
5.80000000E+01, -6.20803781E+01
6.00000000E+01, -6.26694845E+01
6.20000000E+01, -7.76413651E+01
6.40000000E+01, -8.25683262E+01
6.60000000E+01, -8.76111276E+01
6.80000000E+01, -6.84048242E+01
7.00000000E+01, -6.01608923E+01
7.20000000E+01, -6.29590028E+01
7.40000000E+01, -8.52303824E+01
7.60000000E+01, -8.46656540E+01
7.80000000E+01, -8.55834152E+01
8.00000000E+01, -7.42849025E+01
8.20000000E+01, -6.51820175E+01
8.40000000E+01, -6.93921880E+01
8.60000000E+01, -9.27624323E+01
8.80000000E+01, -9.33968317E+01
9.00000000E+01, -8.71814396E+01
9.20000000E+01, -7.43559970E+01
9.40000000E+01, -6.67658617E+01
9.60000000E+01, -7.17327952E+01
9.80000000E+01, -8.75459889E+01
1.00000000E+02, -9.19004154E+01
1.02000000E+02, -9.35218042E+01
1.04000000E+02, -7.18202568E+01
1.06000000E+02, -6.64051201E+01
1.08000000E+02, -7.32574880E+01
1.10000000E+02, -9.83032155E+01
1.12000000E+02, -9.37695277E+01
1.14000000E+02, -9.26835532E+01
1.16000000E+02, -7.59106654E+01
1.18000000E+02, -7.26189533E+01
1.20000000E+02, -8.12513619E+01
1.22000000E+02, -1.05215313E+02
1.24000000E+02, -9.44421912E+01
1.26000000E+02, -8.60723391E+01
1.28000000E+02, -7.69153001E+01
1.30000000E+02, -7.49633692E+01
1.32000000E+02, -8.25991839E+01
1.34000000E+02, -9.05995943E+01
1.36000000E+02, -1.00537030E+02
1.38000000E+02, -9.25614028E+01
1.40000000E+02, -7.79974392E+01
1.42000000E+02, -7.75844189E+01
1.44000000E+02, -8.95392446E+01
1.46000000E+02, -1.05150762E+02
1.48000000E+02, -1.04060110E+02
1.50000000E+02, -8.85314457E+01
1.52000000E+02, -8.67183098E+01
1.54000000E+02, -9.26168476E+01
1.56000000E+02, -1.01285941E+02
1.58000000E+02, -9.96937145E+01
1.60000000E+02, -9.23047253E+01
1.62000000E+02, -8.59037730E+01
1.64000000E+02, -8.06072255E+01
1.66000000E+02, -8.33838590E+01
1.68000000E+02, -9.43325728E+01
1.70000000E+02, -8.77099753E+01
1.72000000E+02, -9.05985142E+01
1.74000000E+02, -8.14156089E+01
1.76000000E+02, -7.53954876E+01
1.78000000E+02, -8.06728897E+01
1.80000000E+02, -9.85909909E+01
1.82000000E+02, -9.41717721E+01
1.84000000E+02, -9.52064226E+01
1.86000000E+02, -8.41368086E+01
1.88000000E+02, -8.17081693E+01
1.90000000E+02, -9.14160790E+01
1.92000000E+02, -9.21044635E+01
1.94000000E+02, -9.86222411E+01
1.96000000E+02, -8.88931095E+01
1.98000000E+02, -8.65616701E+01
2.00000000E+02, -8.73729501E+01
2.02000000E+02, -9.60567046E+01
2.04000000E+02, -9.49293198E+01
2.06000000E+02, -9.49846111E+01
2.08000000E+02, -9.65702561E+01
2.10000000E+02, -9.04687282E+01
2.12000000E+02, -8.88783926E+01
2.14000000E+02, -9.52311238E+01
2.16000000E+02, -1.02787236E+02
2.18000000E+02, -9.63757321E+01
2.20000000E+02, -9.72049864E+01
2.22000000E+02, -9.55555780E+01
2.24000000E+02, -8.97655678E+01
2.26000000E+02, -9.72575456E+01
2.28000000E+02, -1.22000048E+02
2.30000000E+02, -9.97767396E+01
2.32000000E+02, -9.50612644E+01
2.34000000E+02, -9.46278875E+01
2.36000000E+02, -9.63496752E+01
2.38000000E+02, -9.99640854E+01
2.40000000E+02, -9.85502540E+01
2.42000000E+02, -1.00298682E+02
2.44000000E+02, -9.76881304E+01
2.46000000E+02, -8.78513489E+01
2.48000000E+02, -8.69161774E+01
2.50000000E+02, -9.74242618E+01
2.52000000E+02, -1.02952396E+02
2.54000000E+02, -9.75609874E+01
2.56000000E+02, -9.26304142E+01
2.58000000E+02, -8.88653841E+01
2.60000000E+02, -8.88774531E+01
2.62000000E+02, -9.40878063E+01
2.64000000E+02, -9.61466464E+01
2.66000000E+02, -9.97201856E+01
2.68000000E+02, -9.18118888E+01
2.70000000E+02, -8.25296297E+01
2.72000000E+02, -8.54807228E+01
2.74000000E+02, -9.35499615E+01
2.76000000E+02, -9.69497556E+01
2.78000000E+02, -9.95346494E+01
2.80000000E+02, -9.15729376E+01
2.82000000E+02, -8.43327623E+01
2.84000000E+02, -8.74039263E+01
2.86000000E+02, -9.79781838E+01
2.88000000E+02, -1.00468712E+02
2.90000000E+02, -9.78675831E+01
2.92000000E+02, -9.17469479E+01
2.94000000E+02, -8.89078289E+01
2.96000000E+02, -9.27715123E+01
2.98000000E+02, -1.00149962E+02
3.00000000E+02, -9.88223251E+01
3.02000000E+02, -1.04851246E+02
3.04000000E+02, -9.54218614E+01
3.06000000E+02, -9.23813958E+01
3.08000000E+02, -1.05360905E+02
3.10000000E+02, -1.01707535E+02
3.12000000E+02, -1.05227354E+02
3.14000000E+02, -9.81048085E+01
3.16000000E+02, -8.63574770E+01
3.18000000E+02, -8.54738823E+01
3.20000000E+02, -9.67259738E+01
3.22000000E+02, -9.75334358E+01
3.24000000E+02, -9.94692148E+01
3.26000000E+02, -9.74189876E+01
3.28000000E+02, -9.03612040E+01
3.30000000E+02, -9.18778921E+01
3.32000000E+02, -9.82502704E+01
3.34000000E+02, -1.08818687E+02
3.36000000E+02, -9.68523875E+01
3.38000000E+02, -9.50965137E+01
3.40000000E+02, -8.60619720E+01
3.42000000E+02, -8.66735505E+01
3.44000000E+02, -9.84725462E+01
3.46000000E+02, -1.05126772E+02
3.48000000E+02, -1.08547814E+02
3.50000000E+02, -1.04807747E+02
3.52000000E+02, -8.72290395E+01
3.54000000E+02, -8.56698833E+01
3.56000000E+02, -9.29434042E+01
3.58000000E+02, -1.01252962E+02
3.60000000E+02, -1.13704646E+02
3.62000000E+02, -9.30697670E+01
3.64000000E+02, -8.52879499E+01
3.66000000E+02, -8.78813485E+01
3.68000000E+02, -9.78749621E+01
3.70000000E+02, -1.03330962E+02
3.72000000E+02, -9.15827179E+01
3.74000000E+02, -8.36718487E+01
3.76000000E+02, -8.00184195E+01
3.78000000E+02, -8.37849764E+01
3.80000000E+02, -9.59055179E+01
3.82000000E+02, -1.05114753E+02
3.84000000E+02, -9.43404978E+01
3.86000000E+02, -9.23282040E+01
3.88000000E+02, -8.34053396E+01
3.90000000E+02, -8.77428316E+01
3.92000000E+02, -1.01458439E+02
3.94000000E+02, -9.82003744E+01
3.96000000E+02, -9.51432324E+01
3.98000000E+02, -8.75721211E+01
4.00000000E+02, -8.31602309E+01
4.02000000E+02, -8.77377347E+01
4.04000000E+02, -9.36240291E+01
4.06000000E+02, -9.76297607E+01
4.08000000E+02, -9.92660081E+01
4.10000000E+02, -9.16520767E+01
4.12000000E+02, -8.79019893E+01
4.14000000E+02, -9.90703163E+01
4.16000000E+02, -9.72924579E+01
4.18000000E+02, -1.04555032E+02
4.20000000E+02, -1.04011713E+02
4.22000000E+02, -9.64642676E+01
4.24000000E+02, -9.23996348E+01
4.26000000E+02, -9.41191276E+01
4.28000000E+02, -9.79493852E+01
4.30000000E+02, -1.06991646E+02
4.32000000E+02, -1.02084291E+02
4.34000000E+02, -9.16053484E+01
4.36000000E+02, -9.18962343E+01
4.38000000E+02, -9.25540562E+01
4.40000000E+02, -1.00303963E+02
4.42000000E+02, -1.11633173E+02
4.44000000E+02, -1.04478169E+02
4.46000000E+02, -9.35328538E+01
4.48000000E+02, -9.23285333E+01
4.50000000E+02, -1.04472379E+02
4.52000000E+02, -9.53145593E+01
4.54000000E+02, -9.78785661E+01
4.56000000E+02, -9.85488725E+01
4.58000000E+02, -8.86613951E+01
4.60000000E+02, -8.73463680E+01
4.62000000E+02, -9.40514416E+01
4.64000000E+02, -9.98794663E+01
4.66000000E+02, -9.83203548E+01
4.68000000E+02, -9.82599085E+01
4.70000000E+02, -9.73590394E+01
4.72000000E+02, -9.61986286E+01
4.74000000E+02, -1.01590899E+02
4.76000000E+02, -1.03412081E+02
4.78000000E+02, -1.02762175E+02
4.80000000E+02, -9.95176596E+01
4.82000000E+02, -9.47973732E+01
4.84000000E+02, -9.56699321E+01
4.86000000E+02, -1.01263596E+02
4.88000000E+02, -1.01862488E+02
4.90000000E+02, -1.03428682E+02
4.92000000E+02, -1.01556003E+02
4.94000000E+02, -1.04214522E+02
4.96000000E+02, -1.05385637E+02
4.98000000E+02, -1.05238925E+02
5.00000000E+02, -1.03071897E+02
5.02000000E+02, -1.13340085E+02
5.04000000E+02, -1.02536876E+02
5.06000000E+02, -1.01469766E+02
5.08000000E+02, -1.10116513E+02
5.10000000E+02, -9.74690694E+01
5.12000000E+02, -9.62442696E+01
5.14000000E+02, -1.00062611E+02
5.16000000E+02, -1.06813543E+02
5.18000000E+02, -1.05128296E+02
5.20000000E+02, -1.10183448E+02
5.22000000E+02, -1.06545106E+02
5.24000000E+02, -1.04529019E+02
5.26000000E+02, -1.01697598E+02
5.28000000E+02, -9.42951955E+01
5.30000000E+02, -9.51931420E+01
5.32000000E+02, -1.01311387E+02
5.34000000E+02, -9.88238878E+01
5.36000000E+02, -1.03698134E+02
5.38000000E+02, -1.06734324E+02
5.40000000E+02, -9.40739086E+01
5.42000000E+02, -9.20030031E+01
5.44000000E+02, -9.97559044E+01
5.46000000E+02, -1.00642686E+02
5.48000000E+02, -9.82621555E+01
5.50000000E+02, -9.54492153E+01
5.52000000E+02, -8.62131080E+01
5.54000000E+02, -8.83585191E+01
5.56000000E+02, -1.00293382E+02
5.58000000E+02, -9.52213677E+01
5.60000000E+02, -1.05274853E+02
5.62000000E+02, -1.00255601E+02
5.64000000E+02, -8.69510178E+01
5.66000000E+02, -8.88317477E+01
5.68000000E+02, -1.00478830E+02
5.70000000E+02, -1.10453172E+02
5.72000000E+02, -1.03152258E+02
5.74000000E+02, -8.91594287E+01
5.76000000E+02, -8.28776325E+01
5.78000000E+02, -8.62249986E+01
5.80000000E+02, -9.98596331E+01
5.82000000E+02, -9.98040680E+01
5.84000000E+02, -9.45043064E+01
5.86000000E+02, -9.49092257E+01
5.88000000E+02, -8.65980299E+01
5.90000000E+02, -9.04460533E+01
5.92000000E+02, -9.69797998E+01
5.94000000E+02, -1.01877413E+02
5.96000000E+02, -1.02756639E+02
5.98000000E+02, -9.42144286E+01
6.00000000E+02, -8.69278971E+01
6.02000000E+02, -9.15951126E+01
6.04000000E+02, -1.01116041E+02
6.06000000E+02, -1.05346822E+02
6.08000000E+02, -1.00753058E+02
6.10000000E+02, -8.72138743E+01
6.12000000E+02, -8.47183132E+01
6.14000000E+02, -9.23552706E+01
6.16000000E+02, -9.76351183E+01
6.18000000E+02, -9.21393723E+01
6.20000000E+02, -9.40401699E+01
6.22000000E+02, -9.15678212E+01
6.24000000E+02, -8.83738419E+01
6.26000000E+02, -9.59601395E+01
6.28000000E+02, -9.51561868E+01
6.30000000E+02, -9.78060531E+01
6.32000000E+02, -1.01129014E+02
6.34000000E+02, -9.61216985E+01
6.36000000E+02, -9.71892165E+01
6.38000000E+02, -9.09345008E+01
6.40000000E+02, -9.65270774E+01
6.42000000E+02, -1.02825462E+02
6.44000000E+02, -9.90190626E+01
6.46000000E+02, -9.72395098E+01
6.48000000E+02, -9.42134925E+01
6.50000000E+02, -9.93263095E+01
6.52000000E+02, -9.40677302E+01
6.54000000E+02, -9.34183986E+01
6.56000000E+02, -1.01437170E+02
6.58000000E+02, -9.67520359E+01
6.60000000E+02, -9.98520164E+01
6.62000000E+02, -9.14452162E+01
6.64000000E+02, -9.03699479E+01
6.66000000E+02, -9.68336887E+01
6.68000000E+02, -9.71079770E+01
6.70000000E+02, -9.54727915E+01
6.72000000E+02, -1.04477104E+02
6.74000000E+02, -9.77305680E+01
6.76000000E+02, -1.07461094E+02
6.78000000E+02, -1.02230620E+02
6.80000000E+02, -1.03510973E+02
6.82000000E+02, -9.93155400E+01
6.84000000E+02, -9.79505811E+01
6.86000000E+02, -1.04433915E+02
6.88000000E+02, -1.02850864E+02
6.90000000E+02, -9.58411980E+01
6.92000000E+02, -9.40282612E+01
6.94000000E+02, -1.00031529E+02
6.96000000E+02, -9.63617987E+01
6.98000000E+02, -9.93820951E+01
7.00000000E+02, -1.13549778E+02
7.02000000E+02, -1.05447083E+02
7.04000000E+02, -9.86055726E+01
7.06000000E+02, -9.45376162E+01
7.08000000E+02, -9.43088186E+01
7.10000000E+02, -1.03911642E+02
7.12000000E+02, -1.09951850E+02
7.14000000E+02, -1.02848062E+02
7.16000000E+02, -9.34476872E+01
7.18000000E+02, -9.30471122E+01
7.20000000E+02, -9.61382065E+01
7.22000000E+02, -1.00550254E+02
7.24000000E+02, -9.97268634E+01
7.26000000E+02, -9.88619085E+01
7.28000000E+02, -1.02587127E+02
7.30000000E+02, -9.60379051E+01
7.32000000E+02, -9.38212205E+01
7.34000000E+02, -9.89328189E+01
7.36000000E+02, -1.18569647E+02
7.38000000E+02, -1.08509144E+02
7.40000000E+02, -1.01055955E+02
7.42000000E+02, -1.00421618E+02
7.44000000E+02, -1.07624045E+02
7.46000000E+02, -1.01144061E+02
7.48000000E+02, -1.01365762E+02
7.50000000E+02, -1.00566636E+02
7.52000000E+02, -9.97261971E+01
7.54000000E+02, -1.00646122E+02
7.56000000E+02, -9.89145915E+01
7.58000000E+02, -1.00778083E+02
7.60000000E+02, -1.03288770E+02
7.62000000E+02, -9.63252313E+01
7.64000000E+02, -9.51888297E+01
7.66000000E+02, -9.35470555E+01
7.68000000E+02, -9.44103166E+01
7.70000000E+02, -1.07878473E+02
7.72000000E+02, -9.78292638E+01
7.74000000E+02, -9.16558915E+01
7.76000000E+02, -8.97232962E+01
7.78000000E+02, -9.17327782E+01
7.80000000E+02, -9.82625982E+01
7.82000000E+02, -1.19267798E+02
7.84000000E+02, -1.05582680E+02
7.86000000E+02, -1.03637428E+02
7.88000000E+02, -9.49319019E+01
7.90000000E+02, -9.85541190E+01
7.92000000E+02, -1.03263533E+02
7.94000000E+02, -1.04611049E+02
7.96000000E+02, -9.98616721E+01
7.98000000E+02, -9.33290098E+01
8.00000000E+02, -9.37338539E+01
8.02000000E+02, -9.55823819E+01
8.04000000E+02, -9.31295486E+01
8.06000000E+02, -9.23456897E+01
8.08000000E+02, -9.74978787E+01
8.10000000E+02, -9.32306301E+01
8.12000000E+02, -9.53537576E+01
8.14000000E+02, -9.55465572E+01
8.16000000E+02, -9.44999778E+01
8.18000000E+02, -9.38585651E+01
8.20000000E+02, -9.18776796E+01
8.22000000E+02, -8.99244526E+01
8.24000000E+02, -9.10028209E+01
8.26000000E+02, -9.82608097E+01
8.28000000E+02, -9.95265815E+01
8.30000000E+02, -1.00342470E+02
8.32000000E+02, -9.58777374E+01
8.34000000E+02, -9.49021317E+01
8.36000000E+02, -9.72676047E+01
8.38000000E+02, -9.92448331E+01
8.40000000E+02, -9.75031238E+01
8.42000000E+02, -1.01941397E+02
8.44000000E+02, -1.01946917E+02
8.46000000E+02, -9.81892337E+01
8.48000000E+02, -9.37191556E+01
8.50000000E+02, -9.77180294E+01
8.52000000E+02, -1.04155969E+02
8.54000000E+02, -1.02453660E+02
8.56000000E+02, -1.00178068E+02
8.58000000E+02, -9.01560223E+01
8.60000000E+02, -8.86132218E+01
8.62000000E+02, -9.69612445E+01
8.64000000E+02, -1.12082378E+02
8.66000000E+02, -9.69014173E+01
8.68000000E+02, -9.56386113E+01
8.70000000E+02, -9.60122584E+01
8.72000000E+02, -1.00640075E+02
8.74000000E+02, -1.15208698E+02
8.76000000E+02, -9.68968468E+01
8.78000000E+02, -1.03999333E+02
8.80000000E+02, -9.71896172E+01
8.82000000E+02, -8.68834226E+01
8.84000000E+02, -8.83547399E+01
8.86000000E+02, -1.01768029E+02
8.88000000E+02, -9.83283953E+01
8.90000000E+02, -9.65193057E+01
8.92000000E+02, -1.00358195E+02
8.94000000E+02, -9.27662166E+01
8.96000000E+02, -9.54066270E+01
8.98000000E+02, -9.67835899E+01
9.00000000E+02, -1.00072292E+02
9.02000000E+02, -1.00174664E+02
9.04000000E+02, -9.42743018E+01
9.06000000E+02, -8.95658965E+01
9.08000000E+02, -9.30251733E+01
9.10000000E+02, -1.03608838E+02
9.12000000E+02, -9.72386350E+01
9.14000000E+02, -9.17793369E+01
9.16000000E+02, -9.46229405E+01
9.18000000E+02, -1.15633552E+02
9.20000000E+02, -9.54131109E+01
9.22000000E+02, -9.81265733E+01
9.24000000E+02, -1.04195852E+02
9.26000000E+02, -1.08315310E+02
9.28000000E+02, -1.09293889E+02
9.30000000E+02, -9.79867632E+01
9.32000000E+02, -9.35114859E+01
9.34000000E+02, -9.83085864E+01
9.36000000E+02, -1.02374050E+02
9.38000000E+02, -1.04975313E+02
9.40000000E+02, -1.03110073E+02
9.42000000E+02, -1.03713212E+02
9.44000000E+02, -9.72577630E+01
9.46000000E+02, -1.06111679E+02
9.48000000E+02, -1.08761067E+02
9.50000000E+02, -1.09597937E+02
9.52000000E+02, -9.57590495E+01
9.54000000E+02, -9.53740561E+01
9.56000000E+02, -1.02409612E+02
9.58000000E+02, -1.02381421E+02
9.60000000E+02, -1.06491068E+02
9.62000000E+02, -9.92543243E+01
9.64000000E+02, -1.00255480E+02
9.66000000E+02, -1.06585324E+02
9.68000000E+02, -1.02218257E+02
9.70000000E+02, -1.09842282E+02
9.72000000E+02, -1.16106443E+02
9.74000000E+02, -1.03274517E+02
9.76000000E+02, -9.81359134E+01
9.78000000E+02, -1.02822282E+02
9.80000000E+02, -1.07993235E+02
9.82000000E+02, -1.17128942E+02
9.84000000E+02, -1.11312953E+02
9.86000000E+02, -1.05563256E+02
9.88000000E+02, -1.04626108E+02
9.90000000E+02, -9.94610000E+01
9.92000000E+02, -9.95048764E+01
9.94000000E+02, -9.91939931E+01
9.96000000E+02, -9.48623550E+01
9.98000000E+02, -1.09263916E+02
1.00000000E+03, -9.41987851E+01
1.00200000E+03, -9.34985361E+01
1.00400000E+03, -9.24598321E+01
1.00600000E+03, -9.58432582E+01
1.00800000E+03, -1.03616356E+02
1.01000000E+03, -9.56872461E+01
1.01200000E+03, -9.52039984E+01
1.01400000E+03, -9.98930321E+01
1.01600000E+03, -1.02058385E+02
1.01800000E+03, -1.00319562E+02
1.02000000E+03, -9.25297659E+01
1.02200000E+03, -9.11515270E+01
1.02400000E+03, -9.09679201E+01
1.02600000E+03, -9.30437966E+01
1.02800000E+03, -9.81794018E+01
1.03000000E+03, -1.05557233E+02
1.03200000E+03, -9.70729421E+01
1.03400000E+03, -9.64625182E+01
1.03600000E+03, -9.53530216E+01
1.03800000E+03, -9.60634431E+01
1.04000000E+03, -9.98303414E+01
1.04200000E+03, -1.07850517E+02
1.04400000E+03, -9.56383875E+01
1.04600000E+03, -9.00559041E+01
1.04800000E+03, -9.31818864E+01
1.05000000E+03, -1.01062692E+02
1.05200000E+03, -1.13864160E+02
1.05400000E+03, -9.76289792E+01
1.05600000E+03, -9.55984171E+01
1.05800000E+03, -9.82066548E+01
1.06000000E+03, -1.03078796E+02
1.06200000E+03, -1.04635724E+02
1.06400000E+03, -9.87296383E+01
1.06600000E+03, -9.89601069E+01
1.06800000E+03, -9.67512217E+01
1.07000000E+03, -8.84803965E+01
1.07200000E+03, -9.34258814E+01
1.07400000E+03, -1.00003547E+02
1.07600000E+03, -9.71439974E+01
1.07800000E+03, -9.90897672E+01
1.08000000E+03, -1.25017159E+02
1.08200000E+03, -9.89447985E+01
1.08400000E+03, -9.39067938E+01
1.08600000E+03, -9.05171603E+01
1.08800000E+03, -9.09270329E+01
1.09000000E+03, -9.50794983E+01
1.09200000E+03, -9.27290768E+01
1.09400000E+03, -8.76402532E+01
1.09600000E+03, -9.20236676E+01
1.09800000E+03, -1.06546205E+02
1.10000000E+03, -9.75999336E+01
1.10200000E+03, -1.00047101E+02
1.10400000E+03, -9.95036440E+01
1.10600000E+03, -9.48927084E+01
1.10800000E+03, -1.00471477E+02
1.11000000E+03, -9.86298818E+01
1.11200000E+03, -1.00306498E+02
1.11400000E+03, -9.99478575E+01
1.11600000E+03, -9.37825746E+01
1.11800000E+03, -9.42503610E+01
1.12000000E+03, -1.05444284E+02
1.12200000E+03, -1.04373647E+02
1.12400000E+03, -1.05774367E+02
1.12600000E+03, -9.98859910E+01
1.12800000E+03, -9.25140216E+01
1.13000000E+03, -9.21311620E+01
1.13200000E+03, -1.08672490E+02
1.13400000E+03, -9.64264182E+01
1.13600000E+03, -1.12875446E+02
1.13800000E+03, -1.21358597E+02
1.14000000E+03, -1.07483368E+02
1.14200000E+03, -1.08470465E+02
1.14400000E+03, -1.05584883E+02
1.14600000E+03, -1.00739166E+02
1.14800000E+03, -1.16561125E+02
1.15000000E+03, -9.97104749E+01
1.15200000E+03, -1.01532940E+02
1.15400000E+03, -1.03286360E+02
1.15600000E+03, -1.04069112E+02
1.15800000E+03, -1.06098779E+02
1.16000000E+03, -1.15751504E+02
1.16200000E+03, -1.09990491E+02
1.16400000E+03, -1.07196021E+02
1.16600000E+03, -9.81033627E+01
1.16800000E+03, -1.03231201E+02
1.17000000E+03, -1.03528980E+02
1.17200000E+03, -1.06903044E+02
1.17400000E+03, -1.01147601E+02
1.17600000E+03, -1.00480729E+02
1.17800000E+03, -9.88686350E+01
1.18000000E+03, -9.78496628E+01
1.18200000E+03, -1.04332793E+02
1.18400000E+03, -1.08414385E+02
1.18600000E+03, -1.00680148E+02
1.18800000E+03, -9.51312712E+01
1.19000000E+03, -9.73254122E+01
1.19200000E+03, -1.01913601E+02
1.19400000E+03, -1.08170532E+02
1.19600000E+03, -1.07340687E+02
1.19800000E+03, -1.01197228E+02
1.20000000E+03, -1.04164188E+02
1.20200000E+03, -9.96433180E+01
1.20400000E+03, -9.72756808E+01
1.20600000E+03, -9.93756348E+01
1.20800000E+03, -1.03761086E+02
1.21000000E+03, -1.01947104E+02
1.21200000E+03, -1.02177954E+02
1.21400000E+03, -1.16658532E+02
1.21600000E+03, -1.07504685E+02
1.21800000E+03, -9.91391698E+01
1.22000000E+03, -1.01372745E+02
1.22200000E+03, -1.03672750E+02
1.22400000E+03, -1.03480741E+02
1.22600000E+03, -1.08249389E+02
1.22800000E+03, -1.00303371E+02
1.23000000E+03, -1.07095460E+02
1.23200000E+03, -1.16190184E+02
1.23400000E+03, -1.10818330E+02
1.23600000E+03, -1.02852249E+02
1.23800000E+03, -1.02427073E+02
1.24000000E+03, -1.17386225E+02
1.24200000E+03, -1.07872597E+02
1.24400000E+03, -1.00500315E+02
1.24600000E+03, -1.07320218E+02
1.24800000E+03, -1.02676362E+02
1.25000000E+03, -1.00181495E+02
1.25200000E+03, -1.03697719E+02
1.25400000E+03, -1.01048519E+02
1.25600000E+03, -1.09656030E+02
1.25800000E+03, -1.02368893E+02
1.26000000E+03, -1.04810820E+02
1.26200000E+03, -1.06060324E+02
1.26400000E+03, -1.03661677E+02
1.26600000E+03, -1.10247646E+02
1.26800000E+03, -9.93499057E+01
1.27000000E+03, -9.55590350E+01
1.27200000E+03, -9.65607075E+01
1.27400000E+03, -9.96632933E+01
1.27600000E+03, -9.96164292E+01
1.27800000E+03, -1.00753737E+02
1.28000000E+03, -1.01693524E+02
1.28200000E+03, -9.65877712E+01
1.28400000E+03, -1.01104811E+02
1.28600000E+03, -1.03699931E+02
1.28800000E+03, -1.03071646E+02
1.29000000E+03, -9.95150631E+01
1.29200000E+03, -9.57044298E+01
1.29400000E+03, -9.41971952E+01
1.29600000E+03, -9.72559879E+01
1.29800000E+03, -1.06648066E+02
1.30000000E+03, -9.48686234E+01
1.30200000E+03, -9.51884185E+01
1.30400000E+03, -1.13399491E+02
1.30600000E+03, -9.88495663E+01
1.30800000E+03, -9.70559870E+01
1.31000000E+03, -9.71903850E+01
1.31200000E+03, -1.01919604E+02
1.31400000E+03, -1.03979871E+02
1.31600000E+03, -9.66305079E+01
1.31800000E+03, -9.61478701E+01
1.32000000E+03, -9.83934836E+01
1.32200000E+03, -1.03496849E+02
1.32400000E+03, -1.05198973E+02
1.32600000E+03, -1.16775198E+02
1.32800000E+03, -9.57799228E+01
1.33000000E+03, -9.56051340E+01
1.33200000E+03, -1.03052924E+02
1.33400000E+03, -1.00053151E+02
1.33600000E+03, -1.05864054E+02
1.33800000E+03, -9.96571435E+01
1.34000000E+03, -1.03541523E+02
1.34200000E+03, -9.39830380E+01
1.34400000E+03, -1.00341287E+02
1.34600000E+03, -1.09064106E+02
1.34800000E+03, -1.06283706E+02
1.35000000E+03, -1.04098615E+02
1.35200000E+03, -1.00745023E+02
1.35400000E+03, -9.65350701E+01
1.35600000E+03, -1.02789365E+02
1.35800000E+03, -1.04064985E+02
1.36000000E+03, -1.01007467E+02
1.36200000E+03, -1.06791900E+02
1.36400000E+03, -9.98656015E+01
1.36600000E+03, -9.50505017E+01
1.36800000E+03, -1.02768632E+02
1.37000000E+03, -1.04534886E+02
1.37200000E+03, -1.08455504E+02
1.37400000E+03, -9.96016422E+01
1.37600000E+03, -9.61208202E+01
1.37800000E+03, -9.49604785E+01
1.38000000E+03, -1.06275301E+02
1.38200000E+03, -1.06289902E+02
1.38400000E+03, -1.06321058E+02
1.38600000E+03, -9.92852977E+01
1.38800000E+03, -9.13740734E+01
1.39000000E+03, -9.19708621E+01
1.39200000E+03, -1.02136075E+02
1.39400000E+03, -1.06523801E+02
1.39600000E+03, -1.08095880E+02
1.39800000E+03, -1.04952003E+02
1.40000000E+03, -9.62167445E+01
1.40200000E+03, -9.63199492E+01
1.40400000E+03, -9.98517045E+01
1.40600000E+03, -1.00375219E+02
1.40800000E+03, -1.00978486E+02
1.41000000E+03, -9.53472832E+01
1.41200000E+03, -9.33140061E+01
1.41400000E+03, -9.72445295E+01
1.41600000E+03, -1.01064198E+02
1.41800000E+03, -1.02898037E+02
1.42000000E+03, -1.01540609E+02
1.42200000E+03, -1.00998391E+02
1.42400000E+03, -1.02611395E+02
1.42600000E+03, -1.16919864E+02
1.42800000E+03, -1.14977042E+02
1.43000000E+03, -1.03368383E+02
1.43200000E+03, -1.01605439E+02
1.43400000E+03, -1.02856016E+02
1.43600000E+03, -1.05044179E+02
1.43800000E+03, -1.13683907E+02
1.44000000E+03, -1.13808465E+02
1.44200000E+03, -1.09476504E+02
1.44400000E+03, -1.09470527E+02
1.44600000E+03, -1.04793016E+02
1.44800000E+03, -9.59941382E+01
1.45000000E+03, -9.80320575E+01
1.45200000E+03, -1.04891419E+02
1.45400000E+03, -1.12611646E+02
1.45600000E+03, -1.13545632E+02
1.45800000E+03, -1.22957664E+02
1.46000000E+03, -1.07627431E+02
1.46200000E+03, -1.09304187E+02
1.46400000E+03, -1.09930616E+02
1.46600000E+03, -1.04076617E+02
1.46800000E+03, -1.02745348E+02
1.47000000E+03, -9.89268024E+01
1.47200000E+03, -9.83701420E+01
1.47400000E+03, -1.02666191E+02
1.47600000E+03, -1.12029998E+02
1.47800000E+03, -1.15246369E+02
1.48000000E+03, -1.07685711E+02
1.48200000E+03, -1.03106978E+02
1.48400000E+03, -9.84029040E+01
1.48600000E+03, -1.01645198E+02
1.48800000E+03, -1.10130656E+02
1.49000000E+03, -1.05672051E+02
1.49200000E+03, -1.14427152E+02
1.49400000E+03, -9.82457681E+01
1.49600000E+03, -9.93989693E+01
1.49800000E+03, -1.05634501E+02
1.50000000E+03, -1.03866030E+02
1.50200000E+03, -9.84178392E+01
1.50400000E+03, -9.66072312E+01
1.50600000E+03, -1.01150683E+02
1.50800000E+03, -1.11576474E+02
1.51000000E+03, -1.21309617E+02
1.51200000E+03, -1.10292249E+02
1.51400000E+03, -1.06958823E+02
1.51600000E+03, -1.08040979E+02
1.51800000E+03, -1.08897675E+02
1.52000000E+03, -1.05790868E+02
1.52200000E+03, -1.07505571E+02
1.52400000E+03, -1.12653914E+02
1.52600000E+03, -1.16936014E+02
1.52800000E+03, -9.82760037E+01
1.53000000E+03, -9.31233216E+01
1.53200000E+03, -9.68402514E+01
1.53400000E+03, -1.04429012E+02
1.53600000E+03, -1.06956189E+02
1.53800000E+03, -1.29603371E+02
1.54000000E+03, -9.70644383E+01
1.54200000E+03, -9.41507868E+01
1.54400000E+03, -1.00919297E+02
1.54600000E+03, -1.09368045E+02
1.54800000E+03, -1.17216678E+02
1.55000000E+03, -1.22095305E+02
1.55200000E+03, -9.61241209E+01
1.55400000E+03, -9.36067927E+01
1.55600000E+03, -1.02432147E+02
1.55800000E+03, -1.11122582E+02
1.56000000E+03, -1.21547804E+02
1.56200000E+03, -9.93097428E+01
1.56400000E+03, -8.98282988E+01
1.56600000E+03, -9.03045114E+01
1.56800000E+03, -1.00689354E+02
1.57000000E+03, -1.03645592E+02
1.57200000E+03, -1.01593683E+02
1.57400000E+03, -1.09667375E+02
1.57600000E+03, -9.58516967E+01
1.57800000E+03, -9.65381942E+01
1.58000000E+03, -1.03371803E+02
1.58200000E+03, -1.06989777E+02
1.58400000E+03, -1.08407355E+02
1.58600000E+03, -1.05567302E+02
1.58800000E+03, -9.45194283E+01
1.59000000E+03, -9.68944765E+01
1.59200000E+03, -1.10825688E+02
1.59400000E+03, -1.12414886E+02
1.59600000E+03, -1.10978320E+02
1.59800000E+03, -9.80049964E+01
1.60000000E+03, -9.32546842E+01
"OVERALL", -5.45676948E+00
