Label:, CH2: Power Spectrum
DateTime:, Wed Jan  1 00:08:23 2003
DataKind:, CH2, PowerSpec, Mag
DataPoints:, 802
DataCalc:
Frequency:, 0.000 , 1600.000, Hz
Sample:, 2048, Internal
Average:, 0, Power/Sum
Voltage(CH2):, 10.000, dBVrms
EU/V(CH2):, 1.000E+00
Window(CH2):, Hann
X-AxisScale:, Lin
X-AxisUnit:, Hz
Y-AxisScale:, Log
Y-AxisUnit:, V
Y-AxisMagniude:, rms
0.00000000E+00, -5.93769423E+01
2.00000000E+00, -5.06882719E+01
4.00000000E+00, -4.95192960E+01
6.00000000E+00, -4.06693166E+01
8.00000000E+00, -2.92907897E+01
1.00000000E+01, -1.61840926E+00
1.20000000E+01, 2.88371261E+00
1.40000000E+01, -4.75614306E+00
1.60000000E+01, -3.30667056E+01
1.80000000E+01, -4.42858167E+01
2.00000000E+01, -5.19266917E+01
2.20000000E+01, -5.64128195E+01
2.40000000E+01, -4.94069484E+01
2.60000000E+01, -6.24794505E+01
2.80000000E+01, -7.28079961E+01
3.00000000E+01, -7.44100532E+01
3.20000000E+01, -6.77382314E+01
3.40000000E+01, -5.47278664E+01
3.60000000E+01, -5.22282229E+01
3.80000000E+01, -6.39749889E+01
4.00000000E+01, -8.55034621E+01
4.20000000E+01, -8.16957109E+01
4.40000000E+01, -7.48701666E+01
4.60000000E+01, -5.98928145E+01
4.80000000E+01, -5.95972182E+01
5.00000000E+01, -7.18362056E+01
5.20000000E+01, -7.87922205E+01
5.40000000E+01, -8.28290079E+01
5.60000000E+01, -7.28548414E+01
5.80000000E+01, -6.58446509E+01
6.00000000E+01, -6.98284078E+01
6.20000000E+01, -8.75065820E+01
6.40000000E+01, -7.78317020E+01
6.60000000E+01, -8.42069052E+01
6.80000000E+01, -7.23786524E+01
7.00000000E+01, -6.22965339E+01
7.20000000E+01, -6.46675538E+01
7.40000000E+01, -8.07722451E+01
7.60000000E+01, -7.34849216E+01
7.80000000E+01, -8.19826275E+01
8.00000000E+01, -7.71184708E+01
8.20000000E+01, -6.85696058E+01
8.40000000E+01, -7.13745325E+01
8.60000000E+01, -7.85983486E+01
8.80000000E+01, -7.48818224E+01
9.00000000E+01, -8.57591063E+01
9.20000000E+01, -7.26849905E+01
9.40000000E+01, -6.41330918E+01
9.60000000E+01, -6.73990496E+01
9.80000000E+01, -7.91939244E+01
1.00000000E+02, -7.93517469E+01
1.02000000E+02, -8.60445484E+01
1.04000000E+02, -7.80933781E+01
1.06000000E+02, -6.76003051E+01
1.08000000E+02, -7.32289151E+01
1.10000000E+02, -7.99583302E+01
1.12000000E+02, -8.67131198E+01
1.14000000E+02, -8.38243737E+01
1.16000000E+02, -8.37676661E+01
1.18000000E+02, -7.44373450E+01
1.20000000E+02, -7.72552761E+01
1.22000000E+02, -8.20688190E+01
1.24000000E+02, -8.04417242E+01
1.26000000E+02, -8.39937209E+01
1.28000000E+02, -7.41921661E+01
1.30000000E+02, -7.13713496E+01
1.32000000E+02, -8.10412175E+01
1.34000000E+02, -8.20039120E+01
1.36000000E+02, -8.61314535E+01
1.38000000E+02, -8.82985926E+01
1.40000000E+02, -8.46389954E+01
1.42000000E+02, -8.13294651E+01
1.44000000E+02, -8.56807864E+01
1.46000000E+02, -8.28106298E+01
1.48000000E+02, -8.88696585E+01
1.50000000E+02, -8.67355677E+01
1.52000000E+02, -7.40738724E+01
1.54000000E+02, -7.43081572E+01
1.56000000E+02, -8.54885659E+01
1.58000000E+02, -9.31831371E+01
1.60000000E+02, -1.01429187E+02
1.62000000E+02, -8.72801574E+01
1.64000000E+02, -7.98486366E+01
1.66000000E+02, -7.91351501E+01
1.68000000E+02, -8.36122917E+01
1.70000000E+02, -8.91143081E+01
1.72000000E+02, -9.29564450E+01
1.74000000E+02, -8.52906481E+01
1.76000000E+02, -7.79768015E+01
1.78000000E+02, -8.27618536E+01
1.80000000E+02, -8.57551867E+01
1.82000000E+02, -8.42961440E+01
1.84000000E+02, -9.29166590E+01
1.86000000E+02, -8.99583401E+01
1.88000000E+02, -7.88961851E+01
1.90000000E+02, -8.22814301E+01
1.92000000E+02, -8.99657510E+01
1.94000000E+02, -8.90685005E+01
1.96000000E+02, -1.03235672E+02
1.98000000E+02, -7.51840702E+01
2.00000000E+02, -6.89557894E+01
2.02000000E+02, -7.57972155E+01
2.04000000E+02, -9.22437584E+01
2.06000000E+02, -9.83313983E+01
2.08000000E+02, -1.03004995E+02
2.10000000E+02, -8.74045148E+01
2.12000000E+02, -8.06923095E+01
2.14000000E+02, -8.43252441E+01
2.16000000E+02, -9.35331510E+01
2.18000000E+02, -9.52930925E+01
2.20000000E+02, -1.06006615E+02
2.22000000E+02, -8.13428383E+01
2.24000000E+02, -7.95636898E+01
2.26000000E+02, -9.23829776E+01
2.28000000E+02, -9.53994908E+01
2.30000000E+02, -9.95329679E+01
2.32000000E+02, -1.02053003E+02
2.34000000E+02, -9.41512289E+01
2.36000000E+02, -9.13468940E+01
2.38000000E+02, -1.08265234E+02
2.40000000E+02, -1.03877547E+02
2.42000000E+02, -9.75676062E+01
2.44000000E+02, -9.35444560E+01
2.46000000E+02, -8.33678985E+01
2.48000000E+02, -8.29712614E+01
2.50000000E+02, -8.92347462E+01
2.52000000E+02, -9.90664781E+01
2.54000000E+02, -1.02211306E+02
2.56000000E+02, -9.31893309E+01
2.58000000E+02, -8.65660790E+01
2.60000000E+02, -8.81445503E+01
2.62000000E+02, -1.04330173E+02
2.64000000E+02, -9.83408029E+01
2.66000000E+02, -9.91411600E+01
2.68000000E+02, -9.82992903E+01
2.70000000E+02, -9.32113551E+01
2.72000000E+02, -9.83246207E+01
2.74000000E+02, -1.04105441E+02
2.76000000E+02, -1.07301127E+02
2.78000000E+02, -1.00751852E+02
2.80000000E+02, -9.37414863E+01
2.82000000E+02, -8.99653181E+01
2.84000000E+02, -1.05537858E+02
2.86000000E+02, -9.62565018E+01
2.88000000E+02, -9.93214521E+01
2.90000000E+02, -9.99050577E+01
2.92000000E+02, -8.85200820E+01
2.94000000E+02, -8.49359943E+01
2.96000000E+02, -9.58194795E+01
2.98000000E+02, -9.88477179E+01
3.00000000E+02, -1.12994864E+02
3.02000000E+02, -9.60205407E+01
3.04000000E+02, -8.45404539E+01
3.06000000E+02, -8.09385730E+01
3.08000000E+02, -8.45954128E+01
3.10000000E+02, -8.76289083E+01
3.12000000E+02, -9.91008166E+01
3.14000000E+02, -9.75621971E+01
3.16000000E+02, -9.17012982E+01
3.18000000E+02, -8.51762491E+01
3.20000000E+02, -8.81932154E+01
3.22000000E+02, -1.00013050E+02
3.24000000E+02, -9.63964111E+01
3.26000000E+02, -9.63766887E+01
3.28000000E+02, -8.53983235E+01
3.30000000E+02, -8.32255730E+01
3.32000000E+02, -9.15317934E+01
3.34000000E+02, -9.50026798E+01
3.36000000E+02, -9.71152942E+01
3.38000000E+02, -9.49587704E+01
3.40000000E+02, -9.51174163E+01
3.42000000E+02, -9.37024203E+01
3.44000000E+02, -9.26948732E+01
3.46000000E+02, -9.65882231E+01
3.48000000E+02, -1.03631979E+02
3.50000000E+02, -9.22114757E+01
3.52000000E+02, -9.04902243E+01
3.54000000E+02, -9.32631709E+01
3.56000000E+02, -9.20143436E+01
3.58000000E+02, -9.82604600E+01
3.60000000E+02, -9.52935623E+01
3.62000000E+02, -8.48979850E+01
3.64000000E+02, -7.82021547E+01
3.66000000E+02, -8.39250889E+01
3.68000000E+02, -9.35555445E+01
3.70000000E+02, -1.04230650E+02
3.72000000E+02, -9.40451409E+01
3.74000000E+02, -9.36955333E+01
3.76000000E+02, -8.66050624E+01
3.78000000E+02, -8.43323883E+01
3.80000000E+02, -8.83195268E+01
3.82000000E+02, -9.38256058E+01
3.84000000E+02, -9.18250057E+01
3.86000000E+02, -8.17839833E+01
3.88000000E+02, -7.69968593E+01
3.90000000E+02, -8.51458963E+01
3.92000000E+02, -9.30857753E+01
3.94000000E+02, -8.95059394E+01
3.96000000E+02, -8.70708943E+01
3.98000000E+02, -8.50645332E+01
4.00000000E+02, -7.92843601E+01
4.02000000E+02, -8.55356964E+01
4.04000000E+02, -1.11405722E+02
4.06000000E+02, -9.56120258E+01
4.08000000E+02, -9.03194277E+01
4.10000000E+02, -8.23983635E+01
4.12000000E+02, -8.18675673E+01
4.14000000E+02, -1.06033392E+02
4.16000000E+02, -8.79957173E+01
4.18000000E+02, -9.09309876E+01
4.20000000E+02, -9.25032872E+01
4.22000000E+02, -8.05824952E+01
4.24000000E+02, -7.99801936E+01
4.26000000E+02, -9.78609004E+01
4.28000000E+02, -9.49557840E+01
4.30000000E+02, -9.31433518E+01
4.32000000E+02, -9.04917170E+01
4.34000000E+02, -1.02481929E+02
4.36000000E+02, -1.01390437E+02
4.38000000E+02, -1.12268714E+02
4.40000000E+02, -1.04191848E+02
4.42000000E+02, -9.82317210E+01
4.44000000E+02, -9.15186697E+01
4.46000000E+02, -8.50814189E+01
4.48000000E+02, -8.65963402E+01
4.50000000E+02, -9.78747401E+01
4.52000000E+02, -9.56929136E+01
4.54000000E+02, -9.39401663E+01
4.56000000E+02, -8.98069671E+01
4.58000000E+02, -9.41782231E+01
4.60000000E+02, -9.57385606E+01
4.62000000E+02, -9.36929673E+01
4.64000000E+02, -1.07010583E+02
4.66000000E+02, -9.28583551E+01
4.68000000E+02, -8.50586107E+01
4.70000000E+02, -8.28053421E+01
4.72000000E+02, -8.58061064E+01
4.74000000E+02, -9.78635953E+01
4.76000000E+02, -1.09951640E+02
4.78000000E+02, -1.02888808E+02
4.80000000E+02, -9.76941641E+01
4.82000000E+02, -9.51627622E+01
4.84000000E+02, -1.06241132E+02
4.86000000E+02, -9.67163815E+01
4.88000000E+02, -1.05253863E+02
4.90000000E+02, -9.01895737E+01
4.92000000E+02, -8.38111211E+01
4.94000000E+02, -8.22569569E+01
4.96000000E+02, -8.87440039E+01
4.98000000E+02, -1.00266196E+02
5.00000000E+02, -9.67711794E+01
5.02000000E+02, -9.81037490E+01
5.04000000E+02, -9.15645077E+01
5.06000000E+02, -9.17489896E+01
5.08000000E+02, -1.02317691E+02
5.10000000E+02, -9.70227794E+01
5.12000000E+02, -9.73391198E+01
5.14000000E+02, -9.28569456E+01
5.16000000E+02, -8.97790386E+01
5.18000000E+02, -8.74890651E+01
5.20000000E+02, -9.36080704E+01
5.22000000E+02, -1.00849390E+02
5.24000000E+02, -9.51541416E+01
5.26000000E+02, -9.47139480E+01
5.28000000E+02, -9.07676510E+01
5.30000000E+02, -8.77673570E+01
5.32000000E+02, -8.97129594E+01
5.34000000E+02, -9.41812577E+01
5.36000000E+02, -9.12075637E+01
5.38000000E+02, -9.00322524E+01
5.40000000E+02, -8.93220652E+01
5.42000000E+02, -9.36593171E+01
5.44000000E+02, -9.30881539E+01
5.46000000E+02, -8.90804353E+01
5.48000000E+02, -9.29719087E+01
5.50000000E+02, -9.57220157E+01
5.52000000E+02, -9.09402749E+01
5.54000000E+02, -9.02603385E+01
5.56000000E+02, -9.32721510E+01
5.58000000E+02, -9.59536121E+01
5.60000000E+02, -1.03026783E+02
5.62000000E+02, -9.34389387E+01
5.64000000E+02, -9.14277711E+01
5.66000000E+02, -9.02399402E+01
5.68000000E+02, -9.27843401E+01
5.70000000E+02, -1.07789891E+02
5.72000000E+02, -9.76772719E+01
5.74000000E+02, -9.23874188E+01
5.76000000E+02, -8.82152904E+01
5.78000000E+02, -8.74048750E+01
5.80000000E+02, -9.22947313E+01
5.82000000E+02, -9.90656488E+01
5.84000000E+02, -1.08126305E+02
5.86000000E+02, -9.65598534E+01
5.88000000E+02, -1.00745564E+02
5.90000000E+02, -9.42662915E+01
5.92000000E+02, -9.51799313E+01
5.94000000E+02, -1.03023565E+02
5.96000000E+02, -1.08505969E+02
5.98000000E+02, -8.82478249E+01
6.00000000E+02, -8.36191600E+01
6.02000000E+02, -9.15428925E+01
6.04000000E+02, -9.96917730E+01
6.06000000E+02, -1.01849231E+02
6.08000000E+02, -1.00606810E+02
6.10000000E+02, -9.18923953E+01
6.12000000E+02, -8.62005548E+01
6.14000000E+02, -8.96373863E+01
6.16000000E+02, -9.14359092E+01
6.18000000E+02, -9.27012584E+01
6.20000000E+02, -1.02753213E+02
6.22000000E+02, -1.03763867E+02
6.24000000E+02, -1.02684192E+02
6.26000000E+02, -1.03147766E+02
6.28000000E+02, -9.85151218E+01
6.30000000E+02, -1.05613354E+02
6.32000000E+02, -9.66472537E+01
6.34000000E+02, -9.59065773E+01
6.36000000E+02, -9.33035250E+01
6.38000000E+02, -9.94740666E+01
6.40000000E+02, -1.01740355E+02
6.42000000E+02, -1.12266121E+02
6.44000000E+02, -9.58003342E+01
6.46000000E+02, -9.42694631E+01
6.48000000E+02, -9.87297012E+01
6.50000000E+02, -1.05404193E+02
6.52000000E+02, -9.78882993E+01
6.54000000E+02, -9.95555590E+01
6.56000000E+02, -9.42540480E+01
6.58000000E+02, -9.13699525E+01
6.60000000E+02, -9.39467492E+01
6.62000000E+02, -1.03669645E+02
6.64000000E+02, -1.03907387E+02
6.66000000E+02, -1.04117323E+02
6.68000000E+02, -9.87095719E+01
6.70000000E+02, -9.71231604E+01
6.72000000E+02, -9.48395102E+01
6.74000000E+02, -9.89015387E+01
6.76000000E+02, -1.06123445E+02
6.78000000E+02, -1.16877200E+02
6.80000000E+02, -1.12287199E+02
6.82000000E+02, -9.38127519E+01
6.84000000E+02, -8.98493157E+01
6.86000000E+02, -9.77589006E+01
6.88000000E+02, -1.08417553E+02
6.90000000E+02, -1.00544133E+02
6.92000000E+02, -9.53025739E+01
6.94000000E+02, -9.85079144E+01
6.96000000E+02, -9.79747072E+01
6.98000000E+02, -9.63001056E+01
7.00000000E+02, -1.00619940E+02
7.02000000E+02, -9.81898748E+01
7.04000000E+02, -9.82259928E+01
7.06000000E+02, -9.60150885E+01
7.08000000E+02, -9.36516527E+01
7.10000000E+02, -9.11978689E+01
7.12000000E+02, -9.80565092E+01
7.14000000E+02, -9.97455420E+01
7.16000000E+02, -1.13127705E+02
7.18000000E+02, -9.63506170E+01
7.20000000E+02, -1.07346098E+02
7.22000000E+02, -1.00481378E+02
7.24000000E+02, -1.02173762E+02
7.26000000E+02, -1.01338347E+02
7.28000000E+02, -9.38747296E+01
7.30000000E+02, -9.79841117E+01
7.32000000E+02, -1.05531828E+02
7.34000000E+02, -1.02017397E+02
7.36000000E+02, -1.01529656E+02
7.38000000E+02, -1.13076904E+02
7.40000000E+02, -9.47978149E+01
7.42000000E+02, -9.17270205E+01
7.44000000E+02, -9.08945564E+01
7.46000000E+02, -9.43401195E+01
7.48000000E+02, -1.09837205E+02
7.50000000E+02, -1.06770726E+02
7.52000000E+02, -9.58767568E+01
7.54000000E+02, -9.56757326E+01
7.56000000E+02, -1.12646226E+02
7.58000000E+02, -1.14290414E+02
7.60000000E+02, -1.00717262E+02
7.62000000E+02, -1.03771958E+02
7.64000000E+02, -1.00649442E+02
7.66000000E+02, -9.58310089E+01
7.68000000E+02, -8.93868405E+01
7.70000000E+02, -9.34506224E+01
7.72000000E+02, -1.22131081E+02
7.74000000E+02, -9.68493748E+01
7.76000000E+02, -9.15403149E+01
7.78000000E+02, -9.33390547E+01
7.80000000E+02, -9.80529936E+01
7.82000000E+02, -9.58562120E+01
7.84000000E+02, -1.02650403E+02
7.86000000E+02, -1.05333081E+02
7.88000000E+02, -1.00192753E+02
7.90000000E+02, -9.30181959E+01
7.92000000E+02, -9.34831933E+01
7.94000000E+02, -9.49416965E+01
7.96000000E+02, -1.03236836E+02
7.98000000E+02, -9.75405311E+01
8.00000000E+02, -9.32791642E+01
8.02000000E+02, -9.29185861E+01
8.04000000E+02, -1.00000348E+02
8.06000000E+02, -9.42673209E+01
8.08000000E+02, -9.92589608E+01
8.10000000E+02, -9.89173489E+01
8.12000000E+02, -9.32409309E+01
8.14000000E+02, -9.24003466E+01
8.16000000E+02, -9.31670215E+01
8.18000000E+02, -9.84463378E+01
8.20000000E+02, -9.73759284E+01
8.22000000E+02, -9.44961063E+01
8.24000000E+02, -9.16894632E+01
8.26000000E+02, -9.35950883E+01
8.28000000E+02, -9.50885499E+01
8.30000000E+02, -9.99694113E+01
8.32000000E+02, -1.01145287E+02
8.34000000E+02, -1.09385495E+02
8.36000000E+02, -9.73770053E+01
8.38000000E+02, -9.95264150E+01
8.40000000E+02, -1.06326023E+02
8.42000000E+02, -1.00795417E+02
8.44000000E+02, -1.01328093E+02
8.46000000E+02, -9.13497671E+01
8.48000000E+02, -8.62701450E+01
8.50000000E+02, -9.36458078E+01
8.52000000E+02, -9.11959574E+01
8.54000000E+02, -9.20362537E+01
8.56000000E+02, -9.58561628E+01
8.58000000E+02, -9.51282985E+01
8.60000000E+02, -9.53719938E+01
8.62000000E+02, -9.67226783E+01
8.64000000E+02, -9.83549265E+01
8.66000000E+02, -9.57686013E+01
8.68000000E+02, -9.57890933E+01
8.70000000E+02, -8.93049999E+01
8.72000000E+02, -8.86698278E+01
8.74000000E+02, -9.53207930E+01
8.76000000E+02, -1.02071817E+02
8.78000000E+02, -1.03386744E+02
8.80000000E+02, -9.43570881E+01
8.82000000E+02, -9.25400009E+01
8.84000000E+02, -9.70625753E+01
8.86000000E+02, -9.35375061E+01
8.88000000E+02, -9.40240858E+01
8.90000000E+02, -1.01860382E+02
8.92000000E+02, -1.06569017E+02
8.94000000E+02, -9.19031240E+01
8.96000000E+02, -8.87800586E+01
8.98000000E+02, -9.40120611E+01
9.00000000E+02, -1.05504568E+02
9.02000000E+02, -1.03059284E+02
9.04000000E+02, -9.13637497E+01
9.06000000E+02, -8.84293694E+01
9.08000000E+02, -9.48144859E+01
9.10000000E+02, -9.55682412E+01
9.12000000E+02, -9.14539010E+01
9.14000000E+02, -9.76542916E+01
9.16000000E+02, -1.07251644E+02
9.18000000E+02, -9.62145200E+01
9.20000000E+02, -9.41282658E+01
9.22000000E+02, -9.78874592E+01
9.24000000E+02, -9.02098309E+01
9.26000000E+02, -1.00044438E+02
9.28000000E+02, -9.52030161E+01
9.30000000E+02, -9.55171659E+01
9.32000000E+02, -9.92824423E+01
9.34000000E+02, -9.61427948E+01
9.36000000E+02, -9.35679482E+01
9.38000000E+02, -1.00736984E+02
9.40000000E+02, -1.01227522E+02
9.42000000E+02, -9.32208738E+01
9.44000000E+02, -9.75215247E+01
9.46000000E+02, -1.00151113E+02
9.48000000E+02, -1.04668020E+02
9.50000000E+02, -9.83271909E+01
9.52000000E+02, -9.02250060E+01
9.54000000E+02, -9.20297391E+01
9.56000000E+02, -9.84738659E+01
9.58000000E+02, -9.59899613E+01
9.60000000E+02, -9.78009879E+01
9.62000000E+02, -1.04592321E+02
9.64000000E+02, -9.14926681E+01
9.66000000E+02, -9.01064635E+01
9.68000000E+02, -9.74566809E+01
9.70000000E+02, -1.02310118E+02
9.72000000E+02, -9.97502421E+01
9.74000000E+02, -9.16922939E+01
9.76000000E+02, -9.08644141E+01
9.78000000E+02, -9.75442126E+01
9.80000000E+02, -1.03895343E+02
9.82000000E+02, -9.98830407E+01
9.84000000E+02, -9.54712412E+01
9.86000000E+02, -8.98126168E+01
9.88000000E+02, -8.61217491E+01
9.90000000E+02, -9.21640717E+01
9.92000000E+02, -9.38255458E+01
9.94000000E+02, -9.20751652E+01
9.96000000E+02, -9.38765139E+01
9.98000000E+02, -8.92933979E+01
1.00000000E+03, -8.77843934E+01
1.00200000E+03, -9.50112133E+01
1.00400000E+03, -1.02884955E+02
1.00600000E+03, -1.00579106E+02
1.00800000E+03, -1.03784434E+02
1.01000000E+03, -8.79953876E+01
1.01200000E+03, -8.62159924E+01
1.01400000E+03, -9.55829424E+01
1.01600000E+03, -1.07740358E+02
1.01800000E+03, -1.02628848E+02
1.02000000E+03, -1.02478728E+02
1.02200000E+03, -9.33722041E+01
1.02400000E+03, -9.02425943E+01
1.02600000E+03, -9.69141504E+01
1.02800000E+03, -1.02462956E+02
1.03000000E+03, -9.49411501E+01
1.03200000E+03, -1.10552283E+02
1.03400000E+03, -9.21670214E+01
1.03600000E+03, -9.24493577E+01
1.03800000E+03, -9.34561080E+01
1.04000000E+03, -9.08764245E+01
1.04200000E+03, -9.50448198E+01
1.04400000E+03, -9.91468200E+01
1.04600000E+03, -9.10003853E+01
1.04800000E+03, -8.85161330E+01
1.05000000E+03, -9.77982096E+01
1.05200000E+03, -9.86199999E+01
1.05400000E+03, -1.03508522E+02
1.05600000E+03, -9.56767165E+01
1.05800000E+03, -8.73227085E+01
1.06000000E+03, -8.78966750E+01
1.06200000E+03, -9.60787367E+01
1.06400000E+03, -9.09959760E+01
1.06600000E+03, -9.47769328E+01
1.06800000E+03, -1.13326933E+02
1.07000000E+03, -9.22884385E+01
1.07200000E+03, -8.69633926E+01
1.07400000E+03, -9.61844802E+01
1.07600000E+03, -1.03178818E+02
1.07800000E+03, -1.04558761E+02
1.08000000E+03, -9.02041453E+01
1.08200000E+03, -8.68945899E+01
1.08400000E+03, -9.43959192E+01
1.08600000E+03, -1.02299735E+02
1.08800000E+03, -9.61131124E+01
1.09000000E+03, -9.91757794E+01
1.09200000E+03, -1.01510409E+02
1.09400000E+03, -9.19823943E+01
1.09600000E+03, -9.29688464E+01
1.09800000E+03, -1.04080495E+02
1.10000000E+03, -9.58472036E+01
1.10200000E+03, -9.88080798E+01
1.10400000E+03, -8.84771454E+01
1.10600000E+03, -9.05050498E+01
1.10800000E+03, -1.00556420E+02
1.11000000E+03, -1.04813667E+02
1.11200000E+03, -9.53640473E+01
1.11400000E+03, -9.79818617E+01
1.11600000E+03, -1.02307651E+02
1.11800000E+03, -1.01959476E+02
1.12000000E+03, -1.03480809E+02
1.12200000E+03, -1.06962277E+02
1.12400000E+03, -1.01402682E+02
1.12600000E+03, -9.42885508E+01
1.12800000E+03, -8.88047663E+01
1.13000000E+03, -9.15550570E+01
1.13200000E+03, -1.01663075E+02
1.13400000E+03, -1.03231128E+02
1.13600000E+03, -9.89333714E+01
1.13800000E+03, -9.63430558E+01
1.14000000E+03, -1.09339801E+02
1.14200000E+03, -9.63260604E+01
1.14400000E+03, -9.99846302E+01
1.14600000E+03, -1.07128469E+02
1.14800000E+03, -1.05461454E+02
1.15000000E+03, -9.93754369E+01
1.15200000E+03, -8.88124188E+01
1.15400000E+03, -9.04670508E+01
1.15600000E+03, -9.83904711E+01
1.15800000E+03, -9.54262588E+01
1.16000000E+03, -9.88899563E+01
1.16200000E+03, -1.03374476E+02
1.16400000E+03, -9.90546938E+01
1.16600000E+03, -9.90243600E+01
1.16800000E+03, -1.13628468E+02
1.17000000E+03, -9.56113711E+01
1.17200000E+03, -9.35110681E+01
1.17400000E+03, -1.02240833E+02
1.17600000E+03, -9.05512182E+01
1.17800000E+03, -9.46698679E+01
1.18000000E+03, -9.76318494E+01
1.18200000E+03, -1.02288287E+02
1.18400000E+03, -9.43669191E+01
1.18600000E+03, -9.56818142E+01
1.18800000E+03, -1.01177413E+02
1.19000000E+03, -9.87815724E+01
1.19200000E+03, -9.99844467E+01
1.19400000E+03, -9.95464775E+01
1.19600000E+03, -1.03381239E+02
1.19800000E+03, -9.77533504E+01
1.20000000E+03, -9.57040918E+01
1.20200000E+03, -9.74648189E+01
1.20400000E+03, -1.03478798E+02
1.20600000E+03, -9.53652894E+01
1.20800000E+03, -9.81623816E+01
1.21000000E+03, -9.90393137E+01
1.21200000E+03, -1.04583246E+02
1.21400000E+03, -1.12674082E+02
1.21600000E+03, -9.87695329E+01
1.21800000E+03, -9.61379786E+01
1.22000000E+03, -9.31146452E+01
1.22200000E+03, -9.47177784E+01
1.22400000E+03, -9.60053826E+01
1.22600000E+03, -1.07823512E+02
1.22800000E+03, -1.00047948E+02
1.23000000E+03, -9.95553028E+01
1.23200000E+03, -9.69953284E+01
1.23400000E+03, -1.04636242E+02
1.23600000E+03, -1.06145870E+02
1.23800000E+03, -1.09274620E+02
1.24000000E+03, -1.31178516E+02
1.24200000E+03, -1.01281009E+02
1.24400000E+03, -9.51244098E+01
1.24600000E+03, -9.17127432E+01
1.24800000E+03, -9.54082687E+01
1.25000000E+03, -9.83336480E+01
1.25200000E+03, -9.93025498E+01
1.25400000E+03, -1.12753914E+02
1.25600000E+03, -1.04006463E+02
1.25800000E+03, -1.00563868E+02
1.26000000E+03, -9.62627628E+01
1.26200000E+03, -1.02887803E+02
1.26400000E+03, -1.02984556E+02
1.26600000E+03, -1.00377986E+02
1.26800000E+03, -9.11944022E+01
1.27000000E+03, -9.39112476E+01
1.27200000E+03, -1.05500430E+02
1.27400000E+03, -1.05738874E+02
1.27600000E+03, -9.87006841E+01
1.27800000E+03, -9.34658285E+01
1.28000000E+03, -9.29096940E+01
1.28200000E+03, -9.30646473E+01
1.28400000E+03, -9.42656870E+01
1.28600000E+03, -1.02379589E+02
1.28800000E+03, -1.06194873E+02
1.29000000E+03, -9.74966776E+01
1.29200000E+03, -9.10177211E+01
1.29400000E+03, -9.06425017E+01
1.29600000E+03, -1.02074862E+02
1.29800000E+03, -1.07616945E+02
1.30000000E+03, -1.20666507E+02
1.30200000E+03, -1.04793564E+02
1.30400000E+03, -9.35763664E+01
1.30600000E+03, -9.09746044E+01
1.30800000E+03, -9.72746548E+01
1.31000000E+03, -1.05934647E+02
1.31200000E+03, -9.85412910E+01
1.31400000E+03, -9.77465939E+01
1.31600000E+03, -9.26194533E+01
1.31800000E+03, -8.88885231E+01
1.32000000E+03, -9.59505906E+01
1.32200000E+03, -1.07739919E+02
1.32400000E+03, -9.94089929E+01
1.32600000E+03, -9.67682096E+01
1.32800000E+03, -9.00176533E+01
1.33000000E+03, -8.83302461E+01
1.33200000E+03, -9.81475844E+01
1.33400000E+03, -1.03216779E+02
1.33600000E+03, -1.04457504E+02
1.33800000E+03, -1.05151333E+02
1.34000000E+03, -1.02822386E+02
1.34200000E+03, -9.83779961E+01
1.34400000E+03, -9.95081163E+01
1.34600000E+03, -9.36568127E+01
1.34800000E+03, -9.31545739E+01
1.35000000E+03, -1.05607336E+02
1.35200000E+03, -9.22466927E+01
1.35400000E+03, -9.15040316E+01
1.35600000E+03, -1.02252264E+02
1.35800000E+03, -1.05995297E+02
1.36000000E+03, -1.12280523E+02
1.36200000E+03, -1.01442648E+02
1.36400000E+03, -9.84486277E+01
1.36600000E+03, -9.88509155E+01
1.36800000E+03, -9.99676066E+01
1.37000000E+03, -1.02257240E+02
1.37200000E+03, -1.00889247E+02
1.37400000E+03, -1.02306374E+02
1.37600000E+03, -9.96016747E+01
1.37800000E+03, -9.78033497E+01
1.38000000E+03, -1.09368906E+02
1.38200000E+03, -1.00758971E+02
1.38400000E+03, -9.18124878E+01
1.38600000E+03, -8.96887874E+01
1.38800000E+03, -9.23864364E+01
1.39000000E+03, -9.88026516E+01
1.39200000E+03, -1.17005729E+02
1.39400000E+03, -9.75558930E+01
1.39600000E+03, -9.36183121E+01
1.39800000E+03, -1.01197220E+02
1.40000000E+03, -1.04634814E+02
1.40200000E+03, -1.03143439E+02
1.40400000E+03, -1.00872087E+02
1.40600000E+03, -1.01223700E+02
1.40800000E+03, -1.00763177E+02
1.41000000E+03, -9.16964702E+01
1.41200000E+03, -9.02469793E+01
1.41400000E+03, -1.00084614E+02
1.41600000E+03, -9.80894764E+01
1.41800000E+03, -1.00554594E+02
1.42000000E+03, -1.00674744E+02
1.42200000E+03, -1.30088407E+02
1.42400000E+03, -9.89080926E+01
1.42600000E+03, -9.68008272E+01
1.42800000E+03, -1.02192767E+02
1.43000000E+03, -1.03875113E+02
1.43200000E+03, -9.85169629E+01
1.43400000E+03, -8.77017535E+01
1.43600000E+03, -8.64869110E+01
1.43800000E+03, -9.31249832E+01
1.44000000E+03, -1.06696095E+02
1.44200000E+03, -9.76603133E+01
1.44400000E+03, -9.32166766E+01
1.44600000E+03, -9.10284990E+01
1.44800000E+03, -8.78390060E+01
1.45000000E+03, -9.05988938E+01
1.45200000E+03, -9.47796683E+01
1.45400000E+03, -9.97415306E+01
1.45600000E+03, -9.58465847E+01
1.45800000E+03, -8.57407116E+01
1.46000000E+03, -8.50569846E+01
1.46200000E+03, -9.04707377E+01
1.46400000E+03, -1.05307365E+02
1.46600000E+03, -9.77436742E+01
1.46800000E+03, -1.00749582E+02
1.47000000E+03, -9.22576574E+01
1.47200000E+03, -9.71222671E+01
1.47400000E+03, -1.02575398E+02
1.47600000E+03, -1.03329413E+02
1.47800000E+03, -1.04718261E+02
1.48000000E+03, -9.00562880E+01
1.48200000E+03, -8.28759044E+01
1.48400000E+03, -8.47079075E+01
1.48600000E+03, -9.36905550E+01
1.48800000E+03, -1.08939924E+02
1.49000000E+03, -1.00038189E+02
1.49200000E+03, -1.00617178E+02
1.49400000E+03, -9.81495237E+01
1.49600000E+03, -1.06730592E+02
1.49800000E+03, -9.61448747E+01
1.50000000E+03, -9.85558155E+01
1.50200000E+03, -1.02061483E+02
1.50400000E+03, -8.78532888E+01
1.50600000E+03, -8.16108698E+01
1.50800000E+03, -8.58227754E+01
1.51000000E+03, -9.86690851E+01
1.51200000E+03, -1.03202589E+02
1.51400000E+03, -1.01219514E+02
1.51600000E+03, -9.46347594E+01
1.51800000E+03, -9.20443663E+01
1.52000000E+03, -9.51629882E+01
1.52200000E+03, -9.89973321E+01
1.52400000E+03, -9.84860672E+01
1.52600000E+03, -1.04586944E+02
1.52800000E+03, -8.69129725E+01
1.53000000E+03, -8.23223984E+01
1.53200000E+03, -8.97382285E+01
1.53400000E+03, -9.86509514E+01
1.53600000E+03, -1.00228575E+02
1.53800000E+03, -9.51775330E+01
1.54000000E+03, -8.93822856E+01
1.54200000E+03, -8.49025498E+01
1.54400000E+03, -9.22651866E+01
1.54600000E+03, -9.98485492E+01
1.54800000E+03, -1.09279784E+02
1.55000000E+03, -1.04536152E+02
1.55200000E+03, -8.78668562E+01
1.55400000E+03, -8.64431800E+01
1.55600000E+03, -9.75255373E+01
1.55800000E+03, -9.88593632E+01
1.56000000E+03, -9.93346815E+01
1.56200000E+03, -1.05748128E+02
1.56400000E+03, -8.37499776E+01
1.56600000E+03, -8.40396195E+01
1.56800000E+03, -9.42802545E+01
1.57000000E+03, -1.02893206E+02
1.57200000E+03, -1.01336907E+02
1.57400000E+03, -1.03728988E+02
1.57600000E+03, -9.58638594E+01
1.57800000E+03, -1.04969499E+02
1.58000000E+03, -9.75574272E+01
1.58200000E+03, -1.00061064E+02
1.58400000E+03, -9.72948253E+01
1.58600000E+03, -9.69080243E+01
1.58800000E+03, -8.90828077E+01
1.59000000E+03, -9.35357440E+01
1.59200000E+03, -1.04068335E+02
1.59400000E+03, -1.07009652E+02
1.59600000E+03, -1.04394409E+02
1.59800000E+03, -9.42080342E+01
1.60000000E+03, -8.95073291E+01
"OVERALL", 2.96342258E+00
